34 35 500
34 35 1000
34 35 1500
34 35 2000
34 35 2500
34 35 3000
34 35 3500
34 35 4000
34 36 4500
34 35 5000
34 36 5500
34 35 6000
34 36 6500
34 35 7000
35 36 7500
34 36 8000
35 35 8500
34 36 9000
34 36 9500
34 36 10000
35 37 10500
34 36 11000
35 36 11500
34 36 12000
35 36 12500
34 36 13000
34 36 13500
34 36 14000
34 36 14500
34 36 15000
34 36 15500
34 36 16000
35 36 16500
35 36 17000
35 37 17500
35 36 18000
35 36 18500
35 36 19000
35 36 19500
35 36 20000
35 36 20500
35 36 21000
35 36 21500
40 36 22000
35 36 22500
35 36 23000
35 36 23500
35 36 24000
35 37 24500
35 36 25000
35 36 25500
35 36 26000
35 36 26500
36 37 27000
35 37 27500
35 37 28000
35 37 28500
35 37 29000
35 37 29500
39 41 30000
35 37 30500
35 37 31000
35 37 31500
35 38 32000
35 37 32500
35 37 33000
35 38 33500
36 38 34000
35 38 34500
36 38 35000
35 38 35500
35 38 36000
36 37 36500
35 37 37000
35 38 37500
35 38 38000
36 39 38500
35 37 39000
35 37 39500
35 37 40000
35 37 40500
35 37 41000
35 37 41500
35 37 42000
35 37 42500
35 37 43000
36 37 43500
35 37 44000
35 38 44500
35 38 45000
36 37 45500
35 37 46000
35 38 46500
35 37 47000
35 37 47500
35 38 48000
35 38 48500
36 37 49000
37 37 49500
37 37 50000
35 37 50500
35 37 51000
35 38 51500
35 37 52000
35 38 52500
35 38 53000
35 38 53500
36 37 54000
35 38 54500
35 38 55000
36 38 55500
35 37 56000
36 37 56500
35 37 57000
35 37 57500
35 38 58000
36 37 58500
35 38 59000
35 37 59500
35 37 60000
36 37 60500
35 37 61000
35 37 61500
35 37 62000
35 37 62500
36 37 63000
35 37 63500
35 37 64000
35 37 64500
35 37 65000
36 37 65500
35 38 66000
35 37 66500
35 38 67000
35 37 67500
35 38 68000
35 37 68500
35 38 69000
35 37 69500
35 38 70000
36 38 70500
36 37 71000
35 37 71500
36 37 72000
36 37 72500
35 37 73000
35 38 73500
36 38 74000
35 37 74500
35 38 75000
35 38 75500
36 37 76000
35 37 76500
35 38 77000
35 37 77500
35 38 78000
35 37 78500
35 37 79000
35 38 79500
36 37 80000
35 38 80500
35 38 81000
35 37 81500
35 38 82000
35 37 82500
35 38 83000
35 38 83500
35 38 84000
35 37 84500
35 37 85000
35 37 85500
35 37 86000
35 37 86500
35 37 87000
35 37 87500
35 37 88000
35 37 88500
35 38 89000
35 37 89500
35 38 90000
36 37 90500
35 37 91000
35 38 91500
35 38 92000
35 38 92500
35 38 93000
37 38 93500
35 38 94000
35 45 94500
35 38 95000
35 37 95500
35 37 96000
35 38 96500
35 37 97000
35 38 97500
35 37 98000
35 37 98500
35 37 99000
35 37 99500
36 37 100000
35 38 100500
35 37 101000
35 38 101500
35 38 102000
35 37 102500
35 37 103000
35 37 103500
35 37 104000
37 41 104500
36 38 105000
36 37 105500
35 38 106000
36 37 106500
35 38 107000
35 37 107500
35 37 108000
35 38 108500
35 37 109000
35 38 109500
35 37 110000
36 38 110500
36 37 111000
35 37 111500
35 38 112000
35 38 112500
35 38 113000
35 38 113500
35 37 114000
35 37 114500
35 38 115000
35 37 115500
35 37 116000
35 38 116500
35 37 117000
35 37 117500
35 38 118000
35 38 118500
37 39 119000
35 38 119500
35 41 120000
35 38 120500
35 38 121000
35 38 121500
35 37 122000
35 38 122500
35 37 123000
35 37 123500
35 37 124000
38 37 124500
36 37 125000