0 1000
0 2000
0 3000
0.997 4000
0 5000
0 6000
0.997 7000
0 8000
0 9000
0 10000
0 11000
0 12000
0 13000
0 14000
0.997 15000
0 16000
0 17000
0 18000
0 19000
0 20000
0 21000
0.997 22000
0.997 23000
0.997 24000
0.997 25000
0.997 26000
0.997 27000
0.997 28000
0.997 29000
0.997 30000
0.997 31000
0.997 32000
0 33000
0 34000
0 35000
0 36000
0.997 37000
0.997 38000
0.997 39000
0 40000
0 41000
0.997 42000
0.997 43000
0 44000
0 45000
0.997 46000
0.997 47000
0 48000
0.997 49000
0.997 50000
0.997 51000
0.997 52000
0.997 53000
0.997 54000
0.997 55000
0.997 56000
0.997 57000
0.997 58000
0.997 59000
0.997 60000
0.997 61000
0 62000
0.997 63000
0.997 64000
0.997 65000
0.997 66000
0.997 67000
0.999 68000
1.994 69000
1.996 70000
0.997 71000
1.996 72000
0.997 73000
1.996 74000
0.997 75000
1.996 76000
0.997 77000
1.996 78000
1.996 79000
1.994 80000
1.996 81000
1.994 82000
1.996 83000
1.996 84000
1.994 85000
2.993 86000
0.997 87000
2.992 88000
1.994 89000
2.993 90000
2.993 91000
2.991 92000
2.991 93000
2.992 94000
1.994 95000
1.994 96000
1.994 97000
2.992 98000
2.991 99000
1.994 100000
1.994 101000
1.994 102000
2.992 103000
1.994 104000
2.992 105000
2.992 106000
2.992 107000
2.992 108000
2.992 109000
2.992 110000
2.992 111000
2.992 112000
2.992 113000
2.992 114000
2.992 115000
2.992 116000
2.992 117000
2.992 118000
2.992 119000
2.992 120000
2.992 121000
2.992 122000
2.992 123000
2.992 124000
2.992 125000
2.992 126000
2.992 127000
2.992 128000
2.992 129000
2.992 130000
2.992 131000
2.992 132000
2.992 133000
2.992 134000
4.987 135000
4.982 136000
5.983 137000
4.986 138000
4.986 139000
4.986 140000
4.986 141000
4.986 142000
4.986 143000
4.986 144000
4.987 145000
5.983 146000
5.984 147000
4.986 148000
4.986 149000
5.984 150000
4.986 151000
5.983 152000
5.984 153000
5.984 154000
5.984 155000
4.986 156000
5.984 157000
5.984 158000
5.984 159000
5.984 160000
5.983 161000
5.984 162000
5.982 163000
6.981 164000
6.98 165000
6.005 166000
6.006 167000
6.008 168000
7.004 169000
5.984 170000
6.981 171000
5.984 172000
5.984 173000
6.981 174000
6.981 175000
6.981 176000
6.981 177000
6.981 178000
6.981 179000
5.984 180000
6.981 181000
6.981 182000
6.981 183000
7.978 184000
6.981 185000
7.978 186000
6.981 187000
6.981 188000
6.981 189000
6.981 190000
6.981 191000
7.978 192000
6.981 193000
6.981 194000
7.978 195000
7.978 196000
7.978 197000
6.981 198000
6.981 199000
8.001 200000
8 201000
7.004 202000
8.002 203000
8.002 204000
8.001 205000
8.004 206000
7.978 207000
7.978 208000
8.001 209000
7.978 210000
7.997 211000
7.978 212000
8.001 213000
8.001 214000
8.999 215000
8.002 216000
7.978 217000
8.005 218000
8.002 219000
8.005 220000
8.006 221000
8.003 222000
7.983 223000
8.976 224000
8.978 225000
7.979 226000
8.976 227000
8.975 228000
9 229000
7.978 230000
8.976 231000
7.978 232000
8.976 233000
8.976 234000
8.976 235000
8.976 236000
7.978 237000
8.005 238000
8.976 239000
9.973 240000
8.975 241000
8.976 242000
8.976 243000
8.976 244000
8.974 245000
8.976 246000
8.976 247000
9.973 248000
9.973 249000
8.983 250000
9.973 251000
8.976 252000
9.973 253000
8.976 254000
9.973 255000
9.973 256000
9.973 257000
9.973 258000
8.976 259000
8.976 260000
8.976 261000
9.973 262000
9.973 263000
9.972 264000
9.973 265000
9.973 266000
9.972 267000
10.97 268000
10.97 269000
9.973 270000
9.973 271000
9.973 272000
10.97 273000
9.973 274000
10.97 275000
10.97 276000
10.97 277000
10.97 278000
9.973 279000
10.97 280000
10.97 281000
10.97 282000
10.97 283000
9.973 284000
10.97 285000
10.97 286000
10.97 287000
11.968 288000
10.97 289000
10.97 290000
10.97 291000
10.97 292000
11.968 293000
10.97 294000
10.97 295000
10.97 296000
10.97 297000
10.97 298000
10.97 299000
10.97 300000
11.968 301000
11.968 302000
11.968 303000
11.968 304000
11.968 305000
11.968 306000
11.968 307000
11.968 308000
11.968 309000
11.968 310000
11.968 311000
11.968 312000
11.968 313000
11.968 314000
11.968 315000
11.968 316000
12.965 317000
11.968 318000
11.968 319000
11.968 320000
11.968 321000
11.968 322000
11.968 323000
11.968 324000
11.967 325000
11.968 326000
12.988 327000
11.968 328000
12.965 329000
11.968 330000
12.964 331000
11.968 332000
12.965 333000
12.965 334000
12.965 335000
12.965 336000
12.965 337000
12.965 338000
12.965 339000
12.965 340000
12.965 341000
12.965 342000
12.965 343000
13.962 344000
12.965 345000
12.965 346000
12.965 347000
12.965 348000
13.962 349000
13.962 350000
12.965 351000
12.965 352000
12.964 353000
13.962 354000
13.962 355000
12.965 356000
12.965 357000
12.965 358000
12.965 359000
12.965 360000
13.962 361000
13.962 362000
12.965 363000
13.962 364000
13.962 365000
13.962 366000
13.962 367000
13.961 368000
13.963 369000
13.962 370000
13.962 371000
14.96 372000
13.962 373000
13.962 374000
14.96 375000
14.96 376000
14.96 377000
14.96 378000
13.962 379000
14.96 380000
13.962 381000
14.96 382000
13.962 383000
14.959 384000
14.96 385000
14.96 386000
13.962 387000
14.96 388000
14.96 389000
13.985 390000
13.962 391000
14.959 392000
14.96 393000
14.959 394000
14.96 395000
14.96 396000
14.96 397000
14.96 398000
15.957 399000
14.96 400000
15.957 401000
14.96 402000
15.957 403000
15.957 404000
15.957 405000
15.957 406000
14.96 407000
15.957 408000
14.96 409000
14.96 410000
15.957 411000
15.957 412000
15.957 413000
15.957 414000
15.956 415000
14.96 416000
15.957 417000
15.957 418000
15.957 419000
14.96 420000
16.954 421000
15.957 422000
15.957 423000
15.957 424000
15.957 425000
16.954 426000
15.957 427000
15.957 428000
15.957 429000
15.957 430000
15.957 431000
15.957 432000
16.954 433000
17.951 434000
16.954 435000
15.957 436000
15.957 437000
16.954 438000
15.957 439000
15.957 440000
15.957 441000
15.957 442000
15.957 443000
15.957 444000
15.957 445000
15.957 446000
15.957 447000
15.957 448000
15.957 449000
15.957 450000
15.957 451000
15.957 452000
15.957 453000
15.957 454000
16.954 455000
15.957 456000
15.957 457000
16.954 458000
16.954 459000
16.954 460000
16.954 461000
15.957 462000
15.957 463000
16.954 464000
15.957 465000
16.954 466000
15.957 467000
15.957 468000
15.957 469000
15.957 470000
15.957 471000
15.957 472000
15.957 473000
16.954 474000
16.955 475000
16.954 476000
16.954 477000
16.954 478000
16.954 479000
16.955 480000
17.951 481000
17.951 482000
17.952 483000
17.951 484000
17.952 485000
17.951 486000
17.952 487000
17.952 488000
17.952 489000
17.951 490000
17.951 491000
16.954 492000
17.951 493000
17.952 494000
16.954 495000
16.954 496000
16.954 497000
17.952 498000
17.952 499000
17.951 500000
17.951 501000
17.951 502000
17.951 503000
17.951 504000
17.951 505000
17.951 506000
17.952 507000
17.951 508000
17.952 509000
17.951 510000
17.952 511000
18.949 512000
18.949 513000
17.952 514000
18.949 515000
18.949 516000
18.949 517000
18.949 518000
17.951 519000
17.951 520000
17.951 521000
17.951 522000
17.951 523000
17.952 524000
17.952 525000
17.952 526000
18.949 527000
18.949 528000
18.949 529000
18.949 530000
18.949 531000
18.949 532000
18.949 533000
17.952 534000
18.949 535000
18.949 536000
19.946 537000
19.946 538000
19.946 539000
19.946 540000
19.946 541000
19.946 542000
18.949 543000
18.949 544000
18.948 545000
18.949 546000
19.946 547000
19.946 548000
18.949 549000
18.949 550000
19.946 551000
19.946 552000
18.949 553000
18.949 554000
18.949 555000
18.949 556000
19.946 557000
19.946 558000
19.946 559000
19.946 560000
19.946 561000
19.946 562000
20.944 563000
19.946 564000
19.946 565000
19.946 566000
22.938 567000
23.935 568000
21.941 569000
21.941 570000
20.944 571000
21.941 572000
21.941 573000
20.942 574000
21.942 575000
20.944 576000
21.975 577000
21.939 578000
21.906 579000
21.939 580000
22.939 581000
21.941 582000
20.942 583000
20.944 584000
20.943 585000
21.94 586000
21.941 587000
22.938 588000
24.932 589000
21.941 590000
21.941 591000
21.941 592000
22.938 593000
22.938 594000
22.906 595000
22.939 596000
23.937 597000
22.903 598000
21.941 599000
21.941 600000
22.938 601000
22.937 602000
21.941 603000
22.938 604000
22.94 605000
22.901 606000
22.94 607000
22.971 608000
22.904 609000
21.941 610000
21.941 611000
21.941 612000
21.941 613000
22.939 614000
22.937 615000
22.938 616000
22.938 617000
22.939 618000
22.938 619000
22.939 620000
21.941 621000
21.941 622000
21.941 623000
22.938 624000
22.938 625000
22.938 626000
22.938 627000
23.935 628000
22.938 629000
22.938 630000
22.938 631000
22.938 632000
22.938 633000
22.938 634000
22.938 635000
22.938 636000
22.938 637000
22.938 638000
22.938 639000
23.936 640000
23.935 641000
23.936 642000
23.935 643000
23.935 644000
23.935 645000
23.935 646000
23.936 647000
23.935 648000
24.933 649000
23.935 650000
23.936 651000
23.935 652000
23.935 653000
23.935 654000
23.935 655000
23.935 656000
23.936 657000
23.935 658000
23.935 659000
22.939 660000
23.936 661000
24.933 662000
23.936 663000
24.933 664000
23.935 665000
24.933 666000
23.936 667000
24.932 668000
25.93 669000
24.933 670000
23.936 671000
23.936 672000
24.933 673000
23.935 674000
23.935 675000
24.933 676000
23.936 677000
24.933 678000
24.935 679000
24.958 680000
24.929 681000
24.935 682000
24.933 683000
24.932 684000
24.933 685000
24.933 686000
25.934 687000
25.93 688000
25.93 689000
25.93 690000
25.925 691000
25.93 692000
25.952 693000
24.933 694000
24.935 695000
25.987 696000
25.93 697000
24.933 698000
25.992 699000
25.931 700000
25.934 701000
24.933 702000
25.987 703000
25.934 704000
25.931 705000
26.927 706000
25.931 707000
26.985 708000
26.989 709000
25.931 710000
26.986 711000
26.869 712000
25.958 713000
26.928 714000
26.871 715000
25.93 716000
26.959 717000
25.931 718000
25.93 719000
26.927 720000
25.931 721000
26.987 722000
25.932 723000
26.991 724000
26.87 725000
26.895 726000
26.928 727000
26.927 728000
26.93 729000
26.927 730000
26.954 731000
26.984 732000
27.982 733000
26.928 734000
27.925 735000
27.925 736000
27.982 737000
27.924 738000
27.924 739000
26.932 740000
26.93 741000
27.927 742000
27.982 743000
26.928 744000
27.983 745000
27.982 746000
27.983 747000
27.926 748000
27.926 749000
27.867 750000
26.896 751000
29.919 752000
26.928 753000
26.928 754000
27.925 755000
26.927 756000
27.925 757000
27.925 758000
27.925 759000
29.919 760000
28.922 761000
27.925 762000
28.922 763000
27.925 764000
27.925 765000
28.922 766000
29.92 767000
28.922 768000
28.922 769000
28.923 770000
29.919 771000
28.922 772000
28.923 773000
28.922 774000
28.922 775000
29.919 776000
29.919 777000
28.922 778000
28.922 779000
28.922 780000
28.922 781000
28.922 782000
28.922 783000
28.922 784000
28.922 785000
28.923 786000
28.922 787000
29.919 788000
29.919 789000
28.922 790000
28.922 791000
29.919 792000
29.919 793000
28.922 794000
29.919 795000
29.92 796000
29.919 797000
28.922 798000
28.922 799000
28.922 800000
29.92 801000
29.919 802000
29.919 803000
29.919 804000
29.92 805000
29.919 806000
29.919 807000
30.916 808000
29.919 809000
29.919 810000
29.919 811000
29.92 812000
30.917 813000
29.92 814000
30.917 815000
29.919 816000
30.917 817000
29.919 818000
29.921 819000
29.92 820000
29.919 821000
29.919 822000
30.917 823000
29.919 824000
30.917 825000
30.917 826000
30.916 827000
29.919 828000
29.92 829000
29.92 830000
29.919 831000
30.917 832000
29.92 833000
30.917 834000
29.919 835000
30.917 836000
29.919 837000
29.919 838000
30.917 839000
30.917 840000
30.917 841000
30.917 842000
30.917 843000
31.914 844000
30.917 845000
31.914 846000
30.917 847000
30.917 848000
31.914 849000
30.917 850000
30.917 851000
30.917 852000
30.917 853000
30.917 854000
31.914 855000
32.912 856000
31.915 857000
31.914 858000
31.914 859000
31.914 860000
31.914 861000
31.914 862000
31.915 863000
31.914 864000
31.914 865000
32.912 866000
31.914 867000
31.914 868000
31.914 869000
31.914 870000
32.911 871000
32.912 872000
32.912 873000
31.914 874000
31.914 875000
32.912 876000
32.911 877000
32.911 878000
32.911 879000
32.911 880000
31.914 881000
32.911 882000
33.909 883000
33.943 884000
33.933 885000
33.908 886000
33.911 887000
32.914 888000
32.912 889000
33.931 890000
32.912 891000
32.912 892000
32.909 893000
32.913 894000
32.911 895000
33.908 896000
32.912 897000
32.911 898000
32.911 899000
33.909 900000
33.91 901000
33.915 902000
33.91 903000
33.908 904000
33.908 905000
33.963 906000
32.937 907000
33.91 908000
33.909 909000
33.913 910000
33.908 911000
33.91 912000
33.909 913000
33.903 914000
33.909 915000
33.909 916000
33.909 917000
33.909 918000
33.909 919000
33.909 920000
33.909 921000
34.906 922000
35.903 923000
33.909 924000
34.906 925000
34.906 926000
33.909 927000
34.906 928000
34.906 929000
34.906 930000
34.906 931000
33.908 932000
33.909 933000
33.909 934000
33.909 935000
33.909 936000
33.908 937000
34.906 938000
34.906 939000
33.909 940000
33.909 941000
34.907 942000
35.904 943000
34.906 944000
35.903 945000
34.906 946000
34.906 947000
34.906 948000
34.907 949000
34.906 950000
34.906 951000
34.906 952000
34.906 953000
34.906 954000
34.906 955000
34.907 956000
36.901 957000
35.904 958000
35.903 959000
35.903 960000
34.906 961000
34.906 962000
36.902 963000
35.903 964000
35.903 965000
34.906 966000
34.906 967000
34.906 968000
34.906 969000
35.903 970000
36.901 971000
35.904 972000
35.903 973000
35.903 974000
35.903 975000
35.903 976000
35.903 977000
36.901 978000
36.901 979000
37.898 980000
35.904 981000
36.901 982000
36.901 983000
36.901 984000
36.901 985000
36.901 986000
35.904 987000
35.903 988000
36.901 989000
35.903 990000
37.898 991000
35.903 992000
35.903 993000
35.904 994000
35.903 995000
36.901 996000
36.901 997000
36.9 998000
36.901 999000
36.901 1000000
36.901 1001000
36.901 1002000
37.898 1003000
36.901 1004000
36.901 1005000
36.901 1006000
37.898 1007000
37.898 1008000
36.9 1009000
36.901 1010000
37.898 1011000
36.901 1012000
36.901 1013000
36.901 1014000
36.901 1015000
37.899 1016000
37.898 1017000
37.898 1018000
37.898 1019000
36.901 1020000
37.898 1021000
37.898 1022000
38.896 1023000
38.895 1024000
37.898 1025000
38.895 1026000
38.895 1027000
38.896 1028000
38.895 1029000
38.895 1030000
38.895 1031000
38.896 1032000
38.895 1033000
37.898 1034000
37.898 1035000
37.898 1036000
38.896 1037000
39.893 1038000
38.895 1039000
38.895 1040000
38.896 1041000
38.896 1042000
37.898 1043000
37.898 1044000
37.898 1045000
37.899 1046000
37.898 1047000
38.896 1048000
38.896 1049000
39.893 1050000
38.896 1051000
38.894 1052000
40.892 1053000
39.919 1054000
39.892 1055000
38.89 1056000
39.951 1057000
38.896 1058000
39.893 1059000
38.897 1060000
39.893 1061000
39.892 1062000
39.836 1063000
39.95 1064000
40.948 1065000
38.896 1066000
39.893 1067000
39.894 1068000
39.952 1069000
39.95 1070000
39.893 1071000
39.898 1072000
39.893 1073000
40.831 1074000
40.918 1075000
40.89 1076000
39.835 1077000
40.95 1078000
39.893 1079000
40.888 1080000
40.889 1081000
40.891 1082000
40.912 1083000
40.89 1084000
40.889 1085000
40.949 1086000
40.89 1087000
40.89 1088000
40.89 1089000
40.891 1090000
40.889 1091000
40.891 1092000
40.888 1093000
41.887 1094000
40.891 1095000
40.889 1096000
40.89 1097000
41.885 1098000
40.89 1099000
41.884 1100000
40.854 1101000
40.888 1102000
40.888 1103000
40.916 1104000
40.891 1105000
41.945 1106000
40.887 1107000
40.886 1108000
40.891 1109000
41.888 1110000
42.885 1111000
41.89 1112000
41.888 1113000
41.887 1114000
40.887 1115000
40.89 1116000
40.895 1117000
40.89 1118000
40.889 1119000
40.892 1120000
41.887 1121000
42.888 1122000
42.885 1123000
41.888 1124000
42.942 1125000
42.884 1126000
42.884 1127000
41.887 1128000
41.888 1129000
42.828 1130000
41.914 1131000
42.884 1132000
42.885 1133000
42.885 1134000
42.942 1135000
42.942 1136000
42.942 1137000
42.885 1138000
42.943 1139000
43.88 1140000
42.882 1141000
42.881 1142000
42.827 1143000
42.918 1144000
42.884 1145000
42.884 1146000
42.885 1147000
41.887 1148000
42.827 1149000
42.911 1150000
42.89 1151000
42.885 1152000
43.94 1153000
43.882 1154000
42.885 1155000
43.939 1156000
43.823 1157000
43.905 1158000
43.826 1159000
42.885 1160000
43.908 1161000
43.883 1162000
43.884 1163000
42.884 1164000
43.877 1165000
43.88 1166000
42.888 1167000
43.878 1168000
44.937 1169000
43.878 1170000
44.937 1171000
43.879 1172000
44.936 1173000
43.881 1174000
44.874 1175000
43.88 1176000
44.911 1177000
44.905 1178000
44.876 1179000
44.879 1180000
44.936 1181000
44.874 1182000
44.88 1183000
43.882 1184000
43.886 1185000
44.879 1186000
43.882 1187000
43.886 1188000
43.878 1189000
44.883 1190000
44.879 1191000
44.88 1192000
44.879 1193000
44.823 1194000
44.879 1195000
44.881 1196000
44.902 1197000
44.877 1198000
44.902 1199000
44.88 1200000
46.869 1201000
45.897 1202000
44.879 1203000
45.934 1204000
44.876 1205000
44.879 1206000
44.884 1207000
45.876 1208000
44.878 1209000
44.877 1210000
44.88 1211000
46.932 1212000
45.875 1213000
45.881 1214000
45.875 1215000
45.816 1216000
44.879 1217000
44.902 1218000
46.874 1219000
46.871 1220000
45.878 1221000
45.883 1222000
47.87 1223000
46.873 1224000
45.876 1225000
45.873 1226000
45.877 1227000
45.881 1228000
45.877 1229000
45.876 1230000
45.878 1231000
45.877 1232000
46.931 1233000
45.878 1234000
46.932 1235000
45.881 1236000
46.875 1237000
45.903 1238000
46.87 1239000
46.875 1240000
48.865 1241000
47.871 1242000
46.819 1243000
46.879 1244000
46.896 1245000
47.903 1246000
46.899 1247000
46.874 1248000
46.876 1249000
46.937 1250000
46.874 1251000
46.931 1252000
46.874 1253000
46.823 1254000
48.869 1255000
47.865 1256000
47.871 1257000
47.872 1258000
46.817 1259000
46.873 1260000
46.871 1261000
46.902 1262000
46.875 1263000
47.87 1264000
47.871 1265000
47.87 1266000
47.872 1267000
47.929 1268000
47.871 1269000
46.874 1270000
47.872 1271000
46.875 1272000
46.872 1273000
46.874 1274000
47.872 1275000
47.871 1276000
47.871 1277000
47.871 1278000
47.872 1279000
47.872 1280000
49.898 1281000
50.864 1282000
48.869 1283000
49.866 1284000
48.869 1285000
49.866 1286000
48.869 1287000
48.869 1288000
47.872 1289000
47.872 1290000
47.872 1291000
47.872 1292000
47.872 1293000
47.872 1294000
48.869 1295000
48.869 1296000
48.869 1297000
47.872 1298000
48.869 1299000
48.869 1300000
48.869 1301000
48.869 1302000
48.869 1303000
48.869 1304000
48.869 1305000
49.866 1306000
49.866 1307000
48.869 1308000
48.869 1309000
48.869 1310000
49.866 1311000
49.866 1312000
49.866 1313000
49.866 1314000
48.869 1315000
49.865 1316000
49.866 1317000
49.866 1318000
49.866 1319000
48.869 1320000
48.869 1321000
48.868 1322000
48.869 1323000
49.866 1324000
48.869 1325000
49.866 1326000
48.869 1327000
48.869 1328000
48.869 1329000
48.867 1330000
49.866 1331000
48.869 1332000
49.866 1333000
48.869 1334000
49.866 1335000
50.863 1336000
50.864 1337000
49.867 1338000
50.863 1339000
49.866 1340000
49.866 1341000
49.866 1342000
50.863 1343000
49.866 1344000
50.864 1345000
50.865 1346000
49.868 1347000
49.866 1348000
49.866 1349000
49.866 1350000
50.864 1351000
49.866 1352000
49.866 1353000
49.867 1354000
50.863 1355000
51.861 1356000
50.864 1357000
50.863 1358000
50.864 1359000
50.863 1360000
50.864 1361000
49.866 1362000
49.866 1363000
50.862 1364000
51.86 1365000
51.862 1366000
51.856 1367000
51.862 1368000
53.797 1369000
52.858 1370000
52.858 1371000
52.858 1372000
51.897 1373000
53.822 1374000
51.829 1375000
52.86 1376000
51.861 1377000
55.889 1378000
52.826 1379000
52.859 1380000
53.856 1381000
52.858 1382000
51.86 1383000
52.858 1384000
52.859 1385000
52.858 1386000
52.859 1387000
51.862 1388000
52.858 1389000
52.86 1390000
51.885 1391000
52.917 1392000
52.858 1393000
52.858 1394000
52.916 1395000
52.858 1396000
51.861 1397000
51.859 1398000
52.858 1399000
52.856 1400000
53.855 1401000
53.796 1402000
53.881 1403000
53.797 1404000
53.88 1405000
52.858 1406000
53.855 1407000
52.859 1408000
52.8 1409000
52.859 1410000
53.88 1411000
53.796 1412000
53.85 1413000
52.882 1414000
53.857 1415000
53.854 1416000
52.859 1417000
53.857 1418000
53.855 1419000
52.856 1420000
54.912 1421000
53.798 1422000
54.855 1423000
53.856 1424000
53.854 1425000
53.857 1426000
53.882 1427000
52.858 1428000
52.858 1429000
53.912 1430000
53.855 1431000
55.851 1432000
53.857 1433000
54.854 1434000
54.912 1435000
54.855 1436000
54.852 1437000
53.855 1438000
54.853 1439000
54.853 1440000
53.854 1441000
53.855 1442000
54.788 1443000
53.853 1444000
53.881 1445000
54.854 1446000
54.854 1447000
54.854 1448000
54.853 1449000
55.853 1450000
54.852 1451000
54.852 1452000
54.852 1453000
54.852 1454000
53.855 1455000
54.794 1456000
54.853 1457000
55.851 1458000
58.842 1459000
55.851 1460000
58.853 1461000
63.829 1462000
58.843 1463000
55.849 1464000
56.846 1465000
55.85 1466000
54.853 1467000
54.853 1468000
55.851 1469000
55.85 1470000
55.85 1471000
54.853 1472000
54.85 1473000
58.817 1474000
55.848 1475000
56.847 1476000
55.855 1477000
55.853 1478000
58.868 1479000
57.845 1480000
55.907 1481000
56.903 1482000
56.79 1483000
56.816 1484000
55.85 1485000
55.85 1486000
56.873 1487000
55.851 1488000
56.905 1489000
56.847 1490000
56.849 1491000
56.85 1492000
57.787 1493000
56.871 1494000
55.852 1495000
56.848 1496000
57.841 1497000
56.874 1498000
56.845 1499000
56.847 1500000
57.789 1501000
55.851 1502000
55.855 1503000
55.85 1504000
55.85 1505000
56.848 1506000
55.85 1507000
56.847 1508000
55.85 1509000
56.848 1510000
57.845 1511000
56.848 1512000
56.848 1513000
55.85 1514000
56.847 1515000
57.845 1516000
56.847 1517000
56.847 1518000
56.847 1519000
56.847 1520000
57.845 1521000
56.847 1522000
56.847 1523000
56.847 1524000
56.847 1525000
56.848 1526000
56.847 1527000
57.844 1528000
57.876 1529000
58.869 1530000
57.843 1531000
57.843 1532000
57.845 1533000
56.848 1534000
56.847 1535000
57.845 1536000
57.845 1537000
57.845 1538000
57.845 1539000
57.845 1540000
57.845 1541000
56.847 1542000
56.847 1543000
56.848 1544000
57.845 1545000
57.845 1546000
56.848 1547000
57.845 1548000
59.84 1549000
58.868 1550000
64.765 1551000
59.821 1552000
61.8 1553000
58.858 1554000
58.842 1555000
58.84 1556000
57.844 1557000
57.845 1558000
58.842 1559000
58.842 1560000
58.843 1561000
59.84 1562000
57.845 1563000
57.845 1564000
58.878 1565000
60.837 1566000
60.837 1567000
59.867 1568000
59.834 1569000
59.837 1570000
58.841 1571000
58.781 1572000
59.808 1573000
60.805 1574000
59.863 1575000
59.84 1576000
59.807 1577000
59.807 1578000
59.84 1579000
59.84 1580000
59.863 1581000
59.843 1582000
59.847 1583000
59.844 1584000
60.84 1585000
60.836 1586000
59.863 1587000
59.842 1588000
60.833 1589000
59.836 1590000
59.838 1591000
60.894 1592000
59.837 1593000
60.837 1594000
59.842 1595000
59.837 1596000
60.895 1597000
59.839 1598000
60.835 1599000
59.839 1600000
59.839 1601000
60.837 1602000
60.837 1603000
60.837 1604000
59.839 1605000
60.837 1606000
60.837 1607000
60.836 1608000
60.837 1609000
61.833 1610000
60.837 1611000
60.837 1612000
59.84 1613000
59.84 1614000
60.837 1615000
60.837 1616000
60.837 1617000
60.837 1618000
61.834 1619000
61.834 1620000
60.837 1621000
60.837 1622000
60.837 1623000
60.837 1624000
60.837 1625000
60.837 1626000
60.837 1627000
60.837 1628000
61.834 1629000
60.838 1630000
61.834 1631000
61.834 1632000
60.837 1633000
60.837 1634000
61.835 1635000
61.834 1636000
61.833 1637000
61.834 1638000
61.803 1639000
61.803 1640000
61.833 1641000
61.857 1642000
61.833 1643000
61.834 1644000
61.834 1645000
61.835 1646000
60.837 1647000
62.831 1648000
61.834 1649000
61.834 1650000
61.834 1651000
62.832 1652000
61.834 1653000
60.837 1654000
62.833 1655000
61.834 1656000
62.832 1657000
61.835 1658000
61.834 1659000
61.834 1660000
61.834 1661000
61.834 1662000
61.834 1663000
61.834 1664000
61.834 1665000
61.834 1666000
62.831 1667000
62.831 1668000
62.832 1669000
61.835 1670000
62.83 1671000
62.831 1672000
62.832 1673000
62.832 1674000
62.826 1675000
62.831 1676000
62.832 1677000
62.83 1678000
62.831 1679000
62.833 1680000
62.832 1681000
63.829 1682000
63.829 1683000
62.832 1684000
63.829 1685000
63.829 1686000
63.829 1687000
62.831 1688000
63.829 1689000
63.83 1690000
63.829 1691000
63.829 1692000
63.83 1693000
63.83 1694000
63.829 1695000
62.831 1696000
62.832 1697000
63.829 1698000
63.829 1699000
62.831 1700000
62.831 1701000
63.83 1702000
63.829 1703000
63.829 1704000
63.83 1705000
64.827 1706000
63.829 1707000
63.829 1708000
63.829 1709000
63.829 1710000
66.854 1711000
65.823 1712000
64.826 1713000
66.821 1714000
64.852 1715000
64.766 1716000
64.851 1717000
65.881 1718000
63.771 1719000
63.854 1720000
65.822 1721000
64.851 1722000
65.881 1723000
64.769 1724000
64.852 1725000
65.825 1726000
64.826 1727000
64.826 1728000
64.826 1729000
64.826 1730000
64.826 1731000
65.824 1732000
64.826 1733000
64.826 1734000
64.825 1735000
64.826 1736000
65.823 1737000
64.826 1738000
65.823 1739000
65.823 1740000
65.823 1741000
65.824 1742000
64.826 1743000
65.824 1744000
65.823 1745000
65.825 1746000
64.825 1747000
64.826 1748000
64.826 1749000
65.824 1750000
66.788 1751000
66.848 1752000
66.763 1753000
66.818 1754000
66.846 1755000
65.823 1756000
65.822 1757000
65.823 1758000
66.82 1759000
66.822 1760000
65.822 1761000
65.823 1762000
65.822 1763000
65.823 1764000
65.823 1765000
66.821 1766000
65.825 1767000
65.823 1768000
67.817 1769000
67.875 1770000
66.82 1771000
66.82 1772000
66.847 1773000
67.815 1774000
67.876 1775000
66.822 1776000
67.817 1777000
66.815 1778000
66.882 1779000
66.821 1780000
67.816 1781000
66.823 1782000
66.823 1783000
66.82 1784000
66.819 1785000
66.82 1786000
66.821 1787000
66.821 1788000
67.818 1789000
66.821 1790000
66.821 1791000
66.821 1792000
67.818 1793000
66.821 1794000
67.818 1795000
67.818 1796000
66.821 1797000
67.819 1798000
67.818 1799000
66.821 1800000
66.821 1801000
67.818 1802000
67.818 1803000
67.818 1804000
67.819 1805000
67.818 1806000
67.818 1807000
66.821 1808000
66.821 1809000
67.819 1810000
67.816 1811000
67.816 1812000
68.815 1813000
68.931 1814000
68.815 1815000
67.815 1816000
68.813 1817000
68.818 1818000
68.756 1819000
69.839 1820000
68.811 1821000
69.87 1822000
68.815 1823000
68.817 1824000
69.813 1825000
69.816 1826000
69.813 1827000
68.755 1828000
68.842 1829000
68.816 1830000
68.757 1831000
69.839 1832000
69.812 1833000
69.844 1834000
68.816 1835000
69.813 1836000
68.756 1837000
69.838 1838000
70.813 1839000
70.753 1840000
69.812 1841000
68.815 1842000
68.816 1843000
68.817 1844000
69.813 1845000
68.816 1846000
70.811 1847000
69.812 1848000
68.815 1849000
68.816 1850000
70.81 1851000
71.806 1852000
69.813 1853000
69.813 1854000
72.803 1855000
70.812 1856000
71.808 1857000
69.812 1858000
70.81 1859000
72.804 1860000
70.81 1861000
70.811 1862000
70.81 1863000
70.809 1864000
71.808 1865000
71.808 1866000
71.807 1867000
71.807 1868000
70.812 1869000
70.81 1870000
73.802 1871000
70.81 1872000
70.81 1873000
69.813 1874000
71.808 1875000
70.811 1876000
69.812 1877000
70.81 1878000
70.811 1879000
70.81 1880000
69.812 1881000
70.81 1882000
70.81 1883000
70.81 1884000
70.811 1885000
70.81 1886000
69.813 1887000
70.81 1888000
72.806 1889000
71.807 1890000
70.812 1891000
70.81 1892000
70.81 1893000
71.807 1894000
70.81 1895000
71.808 1896000
71.808 1897000
71.803 1898000
70.81 1899000
70.81 1900000
70.81 1901000
70.811 1902000
71.807 1903000
70.81 1904000
71.808 1905000
71.806 1906000
70.81 1907000
70.81 1908000
71.809 1909000
71.807 1910000
70.81 1911000
71.808 1912000
71.807 1913000
70.81 1914000
71.808 1915000
72.805 1916000
71.807 1917000
71.807 1918000
71.808 1919000
72.805 1920000
72.805 1921000
71.807 1922000
72.831 1923000
72.807 1924000
72.804 1925000
72.747 1926000
72.805 1927000
73.826 1928000
71.838 1929000
73.803 1930000
72.831 1931000
72.803 1932000
72.746 1933000
73.825 1934000
72.834 1935000
72.807 1936000
73.8 1937000
72.805 1938000
73.803 1939000
73.803 1940000
72.805 1941000
71.808 1942000
71.807 1943000
73.802 1944000
73.803 1945000
72.805 1946000
73.802 1947000
72.805 1948000
72.805 1949000
72.804 1950000
73.8 1951000
73.802 1952000
73.801 1953000
72.805 1954000
72.805 1955000
72.805 1956000
73.801 1957000
73.802 1958000
73.802 1959000
72.805 1960000
72.805 1961000
72.805 1962000
73.802 1963000
73.802 1964000
73.802 1965000
72.805 1966000
72.803 1967000
73.802 1968000
73.802 1969000
73.802 1970000
74.798 1971000
74.799 1972000
74.8 1973000
74.799 1974000
74.799 1975000
73.802 1976000
73.803 1977000
74.8 1978000
73.802 1979000
73.803 1980000
73.802 1981000
73.801 1982000
74.799 1983000
74.798 1984000
74.798 1985000
73.802 1986000
74.799 1987000
74.799 1988000
73.803 1989000
73.802 1990000
75.795 1991000
74.798 1992000
74.8 1993000
74.8 1994000
74.799 1995000
75.797 1996000
74.8 1997000
75.797 1998000
74.8 1999000
75.797 2000000
74.799 2001000
74.8 2002000
74.799 2003000
74.799 2004000
75.797 2005000
74.798 2006000
74.799 2007000
74.799 2008000
75.797 2009000
75.795 2010000
76.793 2011000
75.797 2012000
75.796 2013000
74.799 2014000
74.8 2015000
75.797 2016000
76.792 2017000
76.793 2018000
75.797 2019000
74.8 2020000
74.8 2021000
74.799 2022000
74.8 2023000
75.797 2024000
75.799 2025000
75.797 2026000
76.794 2027000
75.797 2028000
75.797 2029000
76.795 2030000
76.794 2031000
75.797 2032000
75.797 2033000
75.797 2034000
76.794 2035000
75.797 2036000
77.792 2037000
75.797 2038000
76.794 2039000
75.797 2040000
76.794 2041000
76.795 2042000
76.795 2043000
77.793 2044000
76.794 2045000
76.796 2046000
76.793 2047000
75.797 2048000
76.795 2049000
77.791 2050000
76.794 2051000
76.795 2052000
76.793 2053000
77.79 2054000
76.794 2055000
77.792 2056000
76.794 2057000
77.791 2058000
77.791 2059000
79.846 2060000
78.789 2061000
77.791 2062000
77.792 2063000
77.791 2064000
77.791 2065000
76.795 2066000
77.818 2067000
78.788 2068000
78.794 2069000
78.789 2070000
78.732 2071000
78.812 2072000
77.798 2073000
78.791 2074000
77.795 2075000
78.763 2076000
77.794 2077000
77.817 2078000
77.733 2079000
77.79 2080000
76.795 2081000
79.817 2082000
79.786 2083000
78.788 2084000
79.823 2085000
82.78 2086000
80.805 2087000
81.743 2088000
81.781 2089000
80.752 2090000
78.788 2091000
83.777 2092000
78.789 2093000
78.789 2094000
78.789 2095000
78.789 2096000
78.789 2097000
78.789 2098000
78.789 2099000
78.789 2100000
78.789 2101000
78.789 2102000
78.789 2103000
78.789 2104000
80.782 2105000
80.783 2106000
80.785 2107000
82.778 2108000
80.783 2109000
80.783 2110000
79.785 2111000
80.784 2112000
83.775 2113000
86.769 2114000
89.759 2115000
89.76 2116000
90.755 2117000
87.765 2118000
89.759 2119000
85.769 2120000
83.775 2121000
79.784 2122000
83.81 2123000
83.776 2124000
82.777 2125000
82.776 2126000
80.782 2127000
79.751 2128000
80.784 2129000
79.786 2130000
80.783 2131000
80.783 2132000
79.786 2133000
80.784 2134000
80.784 2135000
79.785 2136000
79.785 2137000
80.783 2138000
81.781 2139000
80.783 2140000
80.784 2141000
80.785 2142000
81.782 2143000
84.776 2144000
82.779 2145000
82.779 2146000
82.832 2147000
81.781 2148000
81.78 2149000
80.782 2150000
80.783 2151000
79.786 2152000
79.787 2153000
80.782 2154000
81.781 2155000
80.783 2156000
80.784 2157000
80.784 2158000
80.784 2159000
80.784 2160000
80.783 2161000
82.779 2162000
86.766 2163000
83.775 2164000
82.778 2165000
82.778 2166000
82.778 2167000
83.775 2168000
83.742 2169000
82.779 2170000
83.794 2171000
82.778 2172000
84.774 2173000
81.781 2174000
81.781 2175000
81.808 2176000
81.724 2177000
82.741 2178000
86.799 2179000
82.802 2180000
82.719 2181000
82.746 2182000
82.779 2183000
82.741 2184000
81.806 2185000
82.835 2186000
81.722 2187000
82.808 2188000
83.777 2189000
83.775 2190000
82.777 2191000
83.834 2192000
83.777 2193000
83.718 2194000
82.778 2195000
82.778 2196000
82.778 2197000
82.778 2198000
82.779 2199000
81.78 2200000
81.781 2201000
82.778 2202000
82.778 2203000
82.778 2204000
82.778 2205000
82.779 2206000
82.778 2207000
81.781 2208000
82.778 2209000
83.777 2210000
82.808 2211000
83.777 2212000
83.775 2213000
82.779 2214000
83.775 2215000
83.775 2216000
82.778 2217000
83.775 2218000
85.829 2219000
84.773 2220000
82.778 2221000
83.777 2222000
83.775 2223000
83.775 2224000
83.776 2225000
84.773 2226000
83.776 2227000
83.774 2228000
83.774 2229000
83.774 2230000
83.775 2231000
83.774 2232000
87.764 2233000
84.772 2234000
85.769 2235000
86.767 2236000
84.773 2237000
84.773 2238000
84.773 2239000
85.769 2240000
86.767 2241000
84.771 2242000
87.764 2243000
86.767 2244000
85.77 2245000
85.77 2246000
86.768 2247000
85.796 2248000
84.773 2249000
83.776 2250000
84.773 2251000
83.776 2252000
84.773 2253000
85.77 2254000
84.771 2255000
84.771 2256000
84.771 2257000
83.776 2258000
84.771 2259000
84.773 2260000
84.773 2261000
84.773 2262000
84.773 2263000
85.771 2264000
85.77 2265000
85.77 2266000
84.773 2267000
87.765 2268000
85.77 2269000
86.767 2270000
84.773 2271000
87.765 2272000
84.774 2273000
86.888 2274000
86.793 2275000
86.767 2276000
85.77 2277000
86.826 2278000
85.771 2279000
85.768 2280000
86.767 2281000
87.763 2282000
85.77 2283000
85.77 2284000
84.773 2285000
86.768 2286000
85.77 2287000
85.77 2288000
85.77 2289000
85.77 2290000
85.795 2291000
87.741 2292000
87.791 2293000
86.798 2294000
87.763 2295000
86.765 2296000
87.76 2297000
87.763 2298000
86.769 2299000
86.789 2300000
86.765 2301000
89.783 2302000
86.768 2303000
86.794 2304000
87.765 2305000
87.765 2306000
88.756 2307000
87.765 2308000
87.765 2309000
88.763 2310000
88.76 2311000
87.765 2312000
87.769 2313000
87.765 2314000
89.757 2315000
87.76 2316000
86.767 2317000
86.767 2318000
86.767 2319000
86.768 2320000
86.768 2321000
86.767 2322000
86.767 2323000
86.768 2324000
86.768 2325000
86.767 2326000
87.765 2327000
87.765 2328000
86.768 2329000
87.765 2330000
87.765 2331000
87.765 2332000
88.762 2333000
87.765 2334000
87.765 2335000
87.765 2336000
87.765 2337000
88.762 2338000
88.762 2339000
87.765 2340000
87.765 2341000
86.767 2342000
87.765 2343000
87.765 2344000
87.765 2345000
87.764 2346000
87.792 2347000
88.764 2348000
88.74 2349000
88.788 2350000
88.761 2351000
87.765 2352000
87.765 2353000
88.762 2354000
88.762 2355000
87.765 2356000
89.76 2357000
92.751 2358000
88.763 2359000
89.76 2360000
88.762 2361000
87.766 2362000
88.764 2363000
87.766 2364000
88.763 2365000
88.762 2366000
88.762 2367000
89.76 2368000
89.76 2369000
88.762 2370000
89.701 2371000
89.787 2372000
88.761 2373000
89.817 2374000
90.756 2375000
88.788 2376000
89.76 2377000
89.76 2378000
88.76 2379000
88.76 2380000
88.764 2381000
90.756 2382000
90.814 2383000
90.756 2384000
89.759 2385000
89.757 2386000
89.76 2387000
90.816 2388000
89.761 2389000
91.749 2390000
89.76 2391000
90.756 2392000
90.752 2393000
90.816 2394000
90.76 2395000
91.754 2396000
89.76 2397000
90.814 2398000
90.755 2399000
90.791 2400000
89.788 2401000
90.814 2402000
91.812 2403000
91.755 2404000
90.756 2405000
90.757 2406000
91.751 2407000
90.752 2408000
90.757 2409000
91.787 2410000
90.757 2411000
92.806 2412000
90.784 2413000
90.757 2414000
91.731 2415000
92.721 2416000
92.752 2417000
91.811 2418000
90.756 2419000
91.754 2420000
91.755 2421000
91.755 2422000
91.754 2423000
91.754 2424000
90.757 2425000
91.755 2426000
91.754 2427000
90.756 2428000
90.756 2429000
91.72 2430000
92.779 2431000
91.754 2432000
93.752 2433000
91.779 2434000
92.751 2435000
91.754 2436000
91.754 2437000
91.754 2438000
91.755 2439000
96.742 2440000
92.72 2441000
95.743 2442000
92.751 2443000
91.755 2444000
91.754 2445000
91.754 2446000
91.754 2447000
91.754 2448000
91.754 2449000
91.754 2450000
91.754 2451000
91.754 2452000
91.754 2453000
91.754 2454000
92.752 2455000
93.75 2456000
92.753 2457000
92.752 2458000
92.751 2459000
93.749 2460000
92.784 2461000
93.75 2462000
92.752 2463000
92.751 2464000
92.752 2465000
92.751 2466000
92.752 2467000
93.749 2468000
93.781 2469000
96.732 2470000
92.751 2471000
92.752 2472000
92.75 2473000
92.75 2474000
93.748 2475000
93.749 2476000
92.751 2477000
92.751 2478000
92.751 2479000
92.752 2480000
92.75 2481000
92.751 2482000
92.75 2483000
93.747 2484000
96.798 2485000
93.749 2486000
92.751 2487000
93.749 2488000
94.744 2489000
94.746 2490000
93.808 2491000
96.741 2492000
93.749 2493000
92.751 2494000
92.751 2495000
93.749 2496000
94.746 2497000
93.749 2498000
93.749 2499000
94.747 2500000
93.747 2501000
93.747 2502000
93.749 2503000
94.746 2504000
94.746 2505000
93.749 2506000
94.746 2507000
94.746 2508000
93.749 2509000
92.752 2510000
93.749 2511000
94.746 2512000
95.744 2513000
93.748 2514000
93.749 2515000
93.749 2516000
94.746 2517000
94.747 2518000
94.745 2519000
94.746 2520000
94.746 2521000
94.747 2522000
94.744 2523000
94.746 2524000
94.745 2525000
95.743 2526000
95.742 2527000
94.746 2528000
94.746 2529000
94.746 2530000
94.746 2531000
94.746 2532000
95.744 2533000
94.746 2534000
94.746 2535000
94.746 2536000
94.746 2537000
95.744 2538000
95.744 2539000
95.744 2540000
95.743 2541000
95.744 2542000
95.744 2543000
95.745 2544000
95.743 2545000
95.745 2546000
95.743 2547000
96.741 2548000
96.741 2549000
95.743 2550000
95.743 2551000
95.744 2552000
95.743 2553000
95.744 2554000
95.744 2555000
94.746 2556000
95.744 2557000
95.743 2558000
98.736 2559000
98.737 2560000
96.741 2561000
97.738 2562000
96.741 2563000
98.736 2564000
99.734 2565000
98.735 2566000
98.736 2567000
96.741 2568000
97.74 2569000
97.737 2570000
99.798 2571000
98.701 2572000
97.764 2573000
97.738 2574000
98.736 2575000
96.741 2576000
96.741 2577000
95.769 2578000
97.74 2579000
97.739 2580000
96.74 2581000
96.739 2582000
96.74 2583000
96.74 2584000
97.736 2585000
96.739 2586000
96.741 2587000
97.738 2588000
96.741 2589000
97.739 2590000
96.742 2591000
96.741 2592000
96.741 2593000
96.739 2594000
98.734 2595000
97.737 2596000
97.738 2597000
96.741 2598000
96.741 2599000
97.737 2600000
98.735 2601000
97.737 2602000
98.765 2603000
98.733 2604000
98.759 2605000
98.734 2606000
98.735 2607000
97.741 2608000
98.738 2609000
98.735 2610000
98.793 2611000
98.736 2612000
98.735 2613000
98.736 2614000
99.731 2615000
98.735 2616000
97.74 2617000
99.76 2618000
99.734 2619000
99.732 2620000
99.759 2621000
98.736 2622000
98.736 2623000
100.73 2624000
99.756 2625000
99.732 2626000
99.732 2627000
100.728 2628000
99.754 2629000
100.726 2630000
99.733 2631000
98.737 2632000
98.735 2633000
98.737 2634000
99.733 2635000
100.673 2636000
99.702 2637000
100.73 2638000
99.733 2639000
98.736 2640000
98.735 2641000
98.736 2642000
99.731 2643000
98.734 2644000
99.732 2645000
98.734 2646000
99.732 2647000
98.734 2648000
100.729 2649000
99.733 2650000
99.733 2651000
98.736 2652000
99.733 2653000
99.734 2654000
98.735 2655000
100.715 2656000
99.733 2657000
99.733 2658000
99.733 2659000
98.736 2660000
101.729 2661000
99.732 2662000
100.73 2663000
99.733 2664000
99.733 2665000
101.695 2666000
101.728 2667000
100.73 2668000
100.729 2669000
100.732 2670000
101.726 2671000
100.73 2672000
101.669 2673000
100.698 2674000
103.745 2675000
101.671 2676000
99.757 2677000
99.736 2678000
100.728 2679000
101.785 2680000
101.73 2681000
101.729 2682000
100.67 2683000
101.692 2684000
102.726 2685000
100.728 2686000
100.73 2687000
100.73 2688000
100.73 2689000
101.728 2690000
101.727 2691000
101.727 2692000
101.761 2693000
101.727 2694000
101.729 2695000
100.728 2696000
101.727 2697000
100.73 2698000
100.731 2699000
102.725 2700000
101.726 2701000
100.73 2702000
101.727 2703000
101.729 2704000
101.727 2705000
101.727 2706000
102.725 2707000
101.727 2708000
100.73 2709000
105.717 2710000
102.725 2711000
101.728 2712000
100.73 2713000
102.724 2714000
103.721 2715000
102.723 2716000
101.726 2717000
102.725 2718000
101.726 2719000
102.725 2720000
101.726 2721000
102.724 2722000
102.723 2723000
101.727 2724000
103.722 2725000
102.726 2726000
102.724 2727000
101.728 2728000
103.792 2729000
102.724 2730000
102.725 2731000
102.723 2732000
102.724 2733000
102.723 2734000
102.724 2735000
102.725 2736000
103.757 2737000
104.721 2738000
102.726 2739000
102.725 2740000
102.725 2741000
101.728 2742000
102.725 2743000
102.725 2744000
102.725 2745000
102.725 2746000
102.723 2747000
102.724 2748000
104.72 2749000
102.725 2750000
102.725 2751000
103.722 2752000
103.722 2753000
103.723 2754000
103.723 2755000
102.726 2756000
104.72 2757000
105.728 2758000
105.774 2759000
105.717 2760000
105.749 2761000
104.719 2762000
104.72 2763000
103.722 2764000
104.719 2765000
104.719 2766000
103.722 2767000
103.722 2768000
104.72 2769000
103.722 2770000
103.722 2771000
104.72 2772000
104.719 2773000
104.719 2774000
104.719 2775000
103.723 2776000
104.719 2777000
105.717 2778000
104.719 2779000
104.719 2780000
104.719 2781000
104.721 2782000
105.717 2783000
104.719 2784000
104.719 2785000
103.723 2786000
104.72 2787000
104.719 2788000
103.723 2789000
104.72 2790000
104.72 2791000
105.717 2792000
104.719 2793000
104.718 2794000
105.716 2795000
104.719 2796000
105.717 2797000
104.72 2798000
105.717 2799000
104.72 2800000
104.719 2801000
105.731 2802000
104.719 2803000
103.722 2804000
104.719 2805000
104.72 2806000
105.744 2807000
105.716 2808000
105.715 2809000
105.716 2810000
106.715 2811000
106.712 2812000
105.716 2813000
105.717 2814000
105.717 2815000
105.717 2816000
106.714 2817000
105.718 2818000
105.716 2819000
106.714 2820000
105.717 2821000
105.717 2822000
105.745 2823000
106.714 2824000
106.713 2825000
106.714 2826000
106.714 2827000
106.714 2828000
106.714 2829000
107.713 2830000
106.715 2831000
106.712 2832000
106.714 2833000
106.713 2834000
106.679 2835000
106.714 2836000
105.718 2837000
107.712 2838000
106.714 2839000
106.715 2840000
106.714 2841000
105.717 2842000
106.714 2843000
106.714 2844000
106.715 2845000
106.714 2846000
106.715 2847000
107.711 2848000
108.71 2849000
109.706 2850000
108.709 2851000
108.709 2852000
107.713 2853000
107.712 2854000
108.71 2855000
108.711 2856000
110.705 2857000
108.677 2858000
108.709 2859000
108.742 2860000
107.737 2861000
109.704 2862000
108.735 2863000
107.712 2864000
108.709 2865000
109.706 2866000
108.71 2867000
108.708 2868000
107.712 2869000
107.711 2870000
108.709 2871000
108.709 2872000
107.713 2873000
107.711 2874000
107.711 2875000
109.707 2876000
108.709 2877000
108.709 2878000
107.713 2879000
108.708 2880000
109.707 2881000
108.709 2882000
108.709 2883000
108.71 2884000
108.708 2885000
108.709 2886000
108.709 2887000
108.709 2888000
108.709 2889000
109.707 2890000
108.709 2891000
106.714 2892000
107.712 2893000
108.709 2894000
108.709 2895000
109.706 2896000
108.71 2897000
107.712 2898000
109.706 2899000
108.709 2900000
108.709 2901000
109.707 2902000
109.707 2903000
109.706 2904000
108.71 2905000
105.717 2906000
111.7 2907000
109.706 2908000
108.709 2909000
108.709 2910000
109.706 2911000
109.706 2912000
110.704 2913000
109.706 2914000
109.706 2915000
109.706 2916000
110.704 2917000
109.706 2918000
109.706 2919000
109.706 2920000
110.703 2921000
110.704 2922000
109.706 2923000
110.762 2924000
110.704 2925000
112.699 2926000
109.706 2927000
109.707 2928000
108.707 2929000
109.706 2930000
110.703 2931000
109.706 2932000
110.704 2933000
110.703 2934000
110.731 2935000
110.705 2936000
110.677 2937000
109.707 2938000
109.707 2939000
111.733 2940000
111.701 2941000
109.706 2942000
113.728 2943000
111.734 2944000
112.698 2945000
110.702 2946000
110.703 2947000
111.7 2948000
110.703 2949000
111.699 2950000
111.701 2951000
110.704 2952000
113.758 2953000
113.697 2954000
110.703 2955000
111.701 2956000
110.703 2957000
110.703 2958000
110.704 2959000
111.7 2960000
111.727 2961000
111.701 2962000
113.693 2963000
111.725 2964000
112.697 2965000
112.699 2966000
113.69 2967000
111.699 2968000
111.7 2969000
111.701 2970000
111.701 2971000
111.701 2972000
111.701 2973000
112.666 2974000
111.724 2975000
112.7 2976000
115.749 2977000
112.701 2978000
112.694 2979000
113.638 2980000
112.724 2981000
112.697 2982000
112.699 2983000
113.695 2984000
113.639 2985000
113.665 2986000
114.716 2987000
113.694 2988000
113.695 2989000
111.701 2990000
112.697 2991000
112.698 2992000
112.688 2993000
112.698 2994000
113.697 2995000
112.696 2996000
112.697 2997000
112.73 2998000
116.689 2999000
112.698 3000000
112.698 3001000
113.695 3002000
113.697 3003000
113.697 3004000
113.696 3005000
112.698 3006000
113.695 3007000
112.699 3008000
112.697 3009000
112.697 3010000
112.697 3011000
113.694 3012000
112.696 3013000
112.699 3014000
112.699 3015000
113.694 3016000
113.694 3017000
113.696 3018000
112.697 3019000
114.693 3020000
113.696 3021000
113.697 3022000
113.695 3023000
113.696 3024000
113.694 3025000
113.661 3026000
116.687 3027000
114.694 3028000
115.691 3029000
113.696 3030000
115.722 3031000
114.694 3032000
114.691 3033000
114.692 3034000
113.695 3035000
114.693 3036000
114.693 3037000
113.696 3038000
113.695 3039000
113.696 3040000
114.693 3041000
117.684 3042000
117.685 3043000
113.696 3044000
113.696 3045000
115.69 3046000
114.694 3047000
114.692 3048000
114.693 3049000
114.691 3050000
116.744 3051000
114.659 3052000
115.69 3053000
115.693 3054000
115.716 3055000
115.69 3056000
115.685 3057000
117.686 3058000
115.691 3059000
115.69 3060000
114.694 3061000
115.69 3062000
114.693 3063000
118.685 3064000
114.693 3065000
114.694 3066000
116.688 3067000
116.689 3068000
115.691 3069000
114.692 3070000
116.688 3071000
116.688 3072000
115.688 3073000
114.692 3074000
115.69 3075000
115.691 3076000
116.686 3077000
115.691 3078000
114.693 3079000
115.69 3080000
115.69 3081000
115.69 3082000
116.687 3083000
115.69 3084000
116.722 3085000
116.688 3086000
115.69 3087000
116.687 3088000
114.693 3089000
115.69 3090000
115.69 3091000
116.688 3092000
115.691 3093000
116.687 3094000
115.69 3095000
116.687 3096000
115.69 3097000
117.686 3098000
116.686 3099000
116.687 3100000
115.69 3101000
116.689 3102000
116.687 3103000
116.686 3104000
115.689 3105000
116.686 3106000
117.685 3107000
117.684 3108000
116.687 3109000
116.688 3110000
116.686 3111000
117.684 3112000
119.68 3113000
118.683 3114000
118.65 3115000
117.684 3116000
120.677 3117000
117.685 3118000
119.68 3119000
119.678 3120000
120.644 3121000
118.684 3122000
118.683 3123000
119.708 3124000
119.681 3125000
117.689 3126000
118.624 3127000
118.68 3128000
120.642 3129000
118.709 3130000
118.683 3131000
119.645 3132000
128.649 3133000
120.675 3134000
119.742 3135000
123.612 3136000
120.678 3137000
117.684 3138000
118.682 3139000
118.68 3140000
117.684 3141000
116.689 3142000
117.684 3143000
117.685 3144000
118.682 3145000
118.682 3146000
118.684 3147000
119.679 3148000
120.677 3149000
118.682 3150000
117.685 3151000
117.685 3152000
117.683 3153000
118.682 3154000
117.685 3155000
117.685 3156000
118.683 3157000
118.682 3158000
118.683 3159000
118.681 3160000
118.681 3161000
117.685 3162000
118.682 3163000
118.682 3164000
119.679 3165000
119.679 3166000
119.678 3167000
118.682 3168000
121.731 3169000
119.68 3170000
120.735 3171000
119.68 3172000
119.68 3173000
122.671 3174000
119.679 3175000
120.677 3176000
119.681 3177000
120.705 3178000
121.676 3179000
120.676 3180000
121.615 3181000
122.64 3182000
120.645 3183000
120.702 3184000
120.678 3185000
120.678 3186000
119.679 3187000
119.679 3188000
120.678 3189000
120.677 3190000
119.679 3191000
119.68 3192000
120.677 3193000
119.679 3194000
121.674 3195000
120.677 3196000
119.68 3197000
119.68 3198000
121.675 3199000
120.677 3200000
120.677 3201000
121.674 3202000
120.678 3203000
122.729 3204000
122.673 3205000
120.676 3206000
121.674 3207000
120.677 3208000
120.677 3209000
120.677 3210000
120.677 3211000
121.674 3212000
120.678 3213000
120.675 3214000
120.677 3215000
120.677 3216000
120.677 3217000
120.677 3218000
122.671 3219000
120.677 3220000
120.677 3221000
120.678 3222000
121.674 3223000
121.675 3224000
120.675 3225000
120.676 3226000
122.672 3227000
121.674 3228000
122.706 3229000
124.667 3230000
121.672 3231000
122.67 3232000
121.674 3233000
120.675 3234000
120.676 3235000
122.67 3236000
121.673 3237000
120.675 3238000
121.674 3239000
122.673 3240000
122.672 3241000
121.675 3242000
121.674 3243000
123.669 3244000
121.674 3245000
121.675 3246000
122.671 3247000
122.671 3248000
121.674 3249000
121.674 3250000
121.675 3251000
121.674 3252000
122.671 3253000
122.673 3254000
120.675 3255000
122.671 3256000
121.675 3257000
121.675 3258000
122.671 3259000
122.672 3260000
122.671 3261000
122.673 3262000
123.667 3263000
122.67 3264000
122.671 3265000
121.674 3266000
122.671 3267000
122.672 3268000
122.672 3269000
123.669 3270000
123.669 3271000
123.669 3272000
123.669 3273000
122.672 3274000
122.672 3275000
122.671 3276000
123.67 3277000
123.669 3278000
123.67 3279000
122.671 3280000
124.667 3281000
122.671 3282000
123.669 3283000
123.669 3284000
124.666 3285000
123.669 3286000
123.669 3287000
124.666 3288000
123.669 3289000
124.666 3290000
122.672 3291000
122.672 3292000
124.665 3293000
123.667 3294000
126.659 3295000
123.668 3296000
125.697 3297000
124.667 3298000
124.667 3299000
123.669 3300000
124.667 3301000
123.667 3302000
124.666 3303000
124.665 3304000
124.665 3305000
123.669 3306000
124.666 3307000
123.67 3308000
123.67 3309000
124.665 3310000
124.664 3311000
124.666 3312000
125.664 3313000
124.666 3314000
123.669 3315000
124.666 3316000
125.664 3317000
124.633 3318000
126.687 3319000
124.667 3320000
126.661 3321000
125.684 3322000
125.665 3323000
125.663 3324000
126.602 3325000
126.662 3326000
125.662 3327000
125.663 3328000
125.664 3329000
125.662 3330000
125.663 3331000
125.664 3332000
125.664 3333000
124.666 3334000
124.666 3335000
124.667 3336000
126.662 3337000
125.664 3338000
125.663 3339000
124.667 3340000
127.659 3341000
125.662 3342000
124.665 3343000
124.665 3344000
125.663 3345000
126.724 3346000
125.663 3347000
127.658 3348000
125.665 3349000
126.661 3350000
126.661 3351000
125.664 3352000
125.665 3353000
125.663 3354000
128.654 3355000
129.652 3356000
127.69 3357000
127.657 3358000
127.657 3359000
127.695 3360000
128.654 3361000
127.66 3362000
128.622 3363000
127.624 3364000
128.712 3365000
127.658 3366000
129.653 3367000
127.659 3368000
127.658 3369000
126.66 3370000
126.66 3371000
126.66 3372000
127.656 3373000
128.654 3374000
127.692 3375000
127.658 3376000
127.66 3377000
126.659 3378000
126.66 3379000
126.661 3380000
127.659 3381000
128.657 3382000
127.659 3383000
127.657 3384000
126.659 3385000
125.662 3386000
126.659 3387000
128.654 3388000
127.657 3389000
127.657 3390000
126.659 3391000
127.658 3392000
127.657 3393000
127.657 3394000
127.658 3395000
128.682 3396000
128.656 3397000
127.658 3398000
128.714 3399000
129.654 3400000
128.656 3401000
128.655 3402000
128.598 3403000
129.679 3404000
128.655 3405000
128.655 3406000
127.659 3407000
129.654 3408000
128.655 3409000
127.658 3410000
127.66 3411000
129.651 3412000
128.655 3413000
128.655 3414000
128.654 3415000
129.653 3416000
128.655 3417000
127.659 3418000
129.655 3419000
128.654 3420000
129.652 3421000
129.652 3422000
130.65 3423000
129.653 3424000
128.656 3425000
129.653 3426000
129.653 3427000
129.654 3428000
128.656 3429000
128.656 3430000
127.66 3431000
129.654 3432000
128.655 3433000
129.684 3434000
132.587 3435000
130.651 3436000
130.708 3437000
131.649 3438000
128.657 3439000
129.653 3440000
129.634 3441000
129.653 3442000
129.654 3443000
129.651 3444000
128.654 3445000
129.653 3446000
129.651 3447000
129.652 3448000
129.653 3449000
129.654 3450000
130.65 3451000
129.652 3452000
128.654 3453000
130.649 3454000
131.648 3455000
132.644 3456000
130.65 3457000
131.647 3458000
130.68 3459000
132.644 3460000
131.612 3461000
131.615 3462000
130.65 3463000
130.65 3464000
130.65 3465000
131.647 3466000
131.648 3467000
129.653 3468000
130.651 3469000
130.65 3470000
131.648 3471000
132.61 3472000
131.647 3473000
130.65 3474000
132.646 3475000
130.65 3476000
131.647 3477000
130.651 3478000
130.649 3479000
130.65 3480000
130.65 3481000
131.649 3482000
130.65 3483000
131.648 3484000
131.648 3485000
131.648 3486000
130.65 3487000
129.654 3488000
131.647 3489000
131.647 3490000
130.65 3491000
129.654 3492000
131.646 3493000
131.647 3494000
131.646 3495000
131.646 3496000
131.646 3497000
130.651 3498000
130.65 3499000
132.645 3500000
132.644 3501000
131.68 3502000
131.647 3503000
132.646 3504000
131.647 3505000
131.647 3506000
131.649 3507000
131.646 3508000
132.645 3509000
131.646 3510000
131.646 3511000
131.647 3512000
132.644 3513000
132.644 3514000
131.647 3515000
131.647 3516000
131.646 3517000
132.644 3518000
133.642 3519000
132.645 3520000
133.642 3521000
131.647 3522000
132.646 3523000
133.642 3524000
131.649 3525000
132.644 3526000
134.696 3527000
132.643 3528000
132.645 3529000
132.645 3530000
132.645 3531000
133.643 3532000
132.643 3533000
133.641 3534000
133.642 3535000
132.645 3536000
132.645 3537000
133.642 3538000
132.645 3539000
133.642 3540000
132.645 3541000
134.641 3542000
133.642 3543000
133.642 3544000
133.643 3545000
134.64 3546000
132.645 3547000
132.645 3548000
132.646 3549000
133.699 3550000
133.645 3551000
133.641 3552000
133.643 3553000
133.641 3554000
132.645 3555000
134.639 3556000
133.641 3557000
134.638 3558000
135.694 3559000
134.639 3560000
134.639 3561000
132.645 3562000
133.642 3563000
133.644 3564000
134.64 3565000
133.642 3566000
134.639 3567000
133.643 3568000
133.642 3569000
133.642 3570000
134.641 3571000
135.637 3572000
134.639 3573000
134.64 3574000
135.637 3575000
135.637 3576000
134.64 3577000
134.64 3578000
135.637 3579000
134.639 3580000
135.668 3581000
143.615 3582000
136.669 3583000
140.623 3584000
136.635 3585000
138.628 3586000
138.595 3587000
140.591 3588000
138.628 3589000
136.634 3590000
136.636 3591000
135.673 3592000
136.634 3593000
134.64 3594000
134.64 3595000
134.64 3596000
135.638 3597000
136.635 3598000
134.638 3599000
135.635 3600000
135.637 3601000
135.636 3602000
135.637 3603000
135.637 3604000
135.636 3605000
135.637 3606000
135.637 3607000
134.64 3608000
135.636 3609000
135.695 3610000
138.69 3611000
138.687 3612000
136.634 3613000
137.632 3614000
135.638 3615000
137.632 3616000
135.638 3617000
137.662 3618000
136.634 3619000
137.633 3620000
135.637 3621000
135.636 3622000
136.634 3623000
135.637 3624000
137.691 3625000
140.624 3626000
136.633 3627000
136.633 3628000
137.63 3629000
136.635 3630000
136.634 3631000
137.631 3632000
137.631 3633000
136.635 3634000
136.633 3635000
136.632 3636000
136.634 3637000
137.633 3638000
137.63 3639000
136.632 3640000
135.637 3641000
136.633 3642000
137.631 3643000
136.635 3644000
136.634 3645000
136.634 3646000
139.626 3647000
137.632 3648000
137.631 3649000
137.69 3650000
139.627 3651000
136.634 3652000
139.627 3653000
139.588 3654000
137.656 3655000
139.624 3656000
138.63 3657000
137.631 3658000
137.633 3659000
139.626 3660000
138.629 3661000
138.629 3662000
136.694 3663000
139.626 3664000
136.634 3665000
137.633 3666000
138.628 3667000
138.629 3668000
138.628 3669000
138.629 3670000
139.657 3671000
136.633 3672000
138.627 3673000
137.631 3674000
138.627 3675000
138.627 3676000
139.626 3677000
138.629 3678000
138.57 3679000
138.629 3680000
137.633 3681000
139.624 3682000
137.631 3683000
138.629 3684000
140.622 3685000
139.626 3686000
138.63 3687000
138.63 3688000
139.627 3689000
138.63 3690000
139.624 3691000
139.626 3692000
139.626 3693000
138.63 3694000
138.627 3695000
138.632 3696000
138.66 3697000
139.626 3698000
139.627 3699000
139.626 3700000
139.624 3701000
138.627 3702000
138.627 3703000
138.628 3704000
139.626 3705000
139.627 3706000
139.625 3707000
139.626 3708000
139.625 3709000
139.625 3710000
139.627 3711000
139.627 3712000
139.627 3713000
140.624 3714000
140.625 3715000
140.623 3716000
139.626 3717000
139.626 3718000
139.627 3719000
140.681 3720000
140.622 3721000
140.622 3722000
140.681 3723000
139.626 3724000
140.623 3725000
139.626 3726000
140.625 3727000
140.68 3728000
141.619 3729000
139.625 3730000
140.623 3731000
140.625 3732000
141.621 3733000
140.624 3734000
141.621 3735000
140.656 3736000
140.624 3737000
141.622 3738000
141.622 3739000
139.685 3740000
140.623 3741000
142.618 3742000
140.623 3743000
141.621 3744000
140.625 3745000
141.619 3746000
142.618 3747000
141.62 3748000
140.622 3749000
141.62 3750000
139.627 3751000
140.624 3752000
140.624 3753000
140.623 3754000
143.617 3755000
141.621 3756000
141.621 3757000
141.621 3758000
143.615 3759000
142.618 3760000
141.621 3761000
141.653 3762000
141.622 3763000
141.622 3764000
141.621 3765000
140.624 3766000
141.621 3767000
142.619 3768000
141.623 3769000
141.622 3770000
141.619 3771000
141.62 3772000
141.619 3773000
142.617 3774000
142.618 3775000
142.618 3776000
141.621 3777000
143.617 3778000
141.622 3779000
141.623 3780000
141.62 3781000
141.621 3782000
142.617 3783000
142.616 3784000
142.616 3785000
141.619 3786000
142.677 3787000
144.614 3788000
143.617 3789000
141.651 3790000
142.618 3791000
143.615 3792000
143.614 3793000
142.618 3794000
144.614 3795000
146.609 3796000
148.601 3797000
145.611 3798000
144.65 3799000
146.608 3800000
144.613 3801000
144.613 3802000
143.615 3803000
144.613 3804000
145.611 3805000
146.665 3806000
144.614 3807000
151.595 3808000
149.601 3809000
144.611 3810000
143.615 3811000
144.613 3812000
144.611 3813000
144.611 3814000
148.601 3815000
146.607 3816000
144.611 3817000
143.615 3818000
144.613 3819000
145.579 3820000
149.566 3821000
146.662 3822000
145.554 3823000
144.67 3824000
144.612 3825000
144.613 3826000
144.613 3827000
143.614 3828000
143.615 3829000
145.61 3830000
146.608 3831000
144.613 3832000
143.615 3833000
144.614 3834000
145.61 3835000
144.614 3836000
144.611 3837000
144.613 3838000
144.614 3839000
144.613 3840000
144.614 3841000
144.611 3842000
144.612 3843000
144.613 3844000
144.614 3845000
144.613 3846000
145.611 3847000
144.614 3848000
144.614 3849000
144.613 3850000
146.607 3851000
143.617 3852000
144.613 3853000
145.61 3854000
145.611 3855000
145.611 3856000
145.61 3857000
144.613 3858000
140.624 3859000
145.61 3860000
145.611 3861000
144.611 3862000
144.614 3863000
145.611 3864000
146.607 3865000
145.611 3866000
145.61 3867000
147.665 3868000
147.544 3869000
149.599 3870000
146.608 3871000
145.611 3872000
146.606 3873000
145.61 3874000
145.61 3875000
145.61 3876000
145.61 3877000
146.609 3878000
146.608 3879000
145.609 3880000
145.609 3881000
146.608 3882000
145.611 3883000
145.609 3884000
146.639 3885000
146.606 3886000
145.609 3887000
146.607 3888000
145.61 3889000
145.61 3890000
145.611 3891000
145.611 3892000
146.607 3893000
146.607 3894000
145.612 3895000
145.61 3896000
146.61 3897000
146.607 3898000
146.608 3899000
145.608 3900000
145.61 3901000
146.609 3902000
145.61 3903000
146.606 3904000
146.606 3905000
146.607 3906000
147.604 3907000
146.607 3908000
147.606 3909000
146.607 3910000
146.607 3911000
147.603 3912000
147.604 3913000
148.659 3914000
147.604 3915000
147.603 3916000
147.605 3917000
149.601 3918000
147.605 3919000
146.608 3920000
147.606 3921000
146.608 3922000
148.603 3923000
147.605 3924000
147.605 3925000
147.603 3926000
146.608 3927000
146.609 3928000
147.603 3929000
147.603 3930000
147.603 3931000
147.604 3932000
147.605 3933000
147.606 3934000
147.604 3935000
148.602 3936000
147.606 3937000
148.601 3938000
148.601 3939000
148.602 3940000
147.604 3941000
148.6 3942000
148.601 3943000
148.6 3944000
147.604 3945000
149.6 3946000
148.603 3947000
148.659 3948000
148.602 3949000
149.601 3950000
149.634 3951000
150.597 3952000
149.6 3953000
149.601 3954000
148.602 3955000
145.609 3956000
148.602 3957000
148.603 3958000
149.601 3959000
148.602 3960000
151.594 3961000
150.597 3962000
148.601 3963000
148.602 3964000
149.601 3965000
149.599 3966000
148.603 3967000
147.605 3968000
149.6 3969000
152.593 3970000
148.602 3971000
148.603 3972000
148.601 3973000
149.599 3974000
150.598 3975000
149.598 3976000
149.599 3977000
150.596 3978000
149.601 3979000
150.597 3980000
150.598 3981000
149.599 3982000
149.6 3983000
150.598 3984000
150.598 3985000
150.655 3986000
152.592 3987000
156.582 3988000
149.599 3989000
151.593 3990000
149.599 3991000
149.598 3992000
149.598 3993000
149.6 3994000
148.604 3995000
149.6 3996000
151.596 3997000
154.587 3998000
153.589 3999000
151.593 4000000
152.592 4001000
153.588 4002000
151.594 4003000
153.59 4004000
153.589 4005000
151.595 4006000
152.65 4007000
152.651 4008000
152.533 4009000
152.653 4010000
151.595 4011000
151.595 4012000
151.594 4013000
151.62 4014000
150.595 4015000
149.599 4016000
152.591 4017000
151.593 4018000
151.593 4019000
150.597 4020000
150.598 4021000
151.626 4022000
151.595 4023000
151.593 4024000
151.594 4025000
151.594 4026000
152.592 4027000
150.597 4028000
150.597 4029000
151.593 4030000
150.596 4031000
149.599 4032000
152.59 4033000
152.591 4034000
151.595 4035000
151.595 4036000
153.59 4037000
152.592 4038000
151.595 4039000
152.593 4040000
152.591 4041000
153.59 4042000
152.593 4043000
151.594 4044000
151.594 4045000
151.594 4046000
152.591 4047000
151.595 4048000
151.594 4049000
153.589 4050000
151.594 4051000
151.594 4052000
152.593 4053000
152.59 4054000
150.597 4055000
152.591 4056000
153.587 4057000
152.59 4058000
152.589 4059000
153.587 4060000
152.592 4061000
151.595 4062000
152.593 4063000
153.588 4064000
152.591 4065000
153.588 4066000
153.589 4067000
155.614 4068000
152.592 4069000
153.621 4070000
152.592 4071000
152.592 4072000
153.587 4073000
153.587 4074000
152.59 4075000
153.588 4076000
154.585 4077000
153.589 4078000
153.59 4079000
154.587 4080000
153.589 4081000
153.59 4082000
155.641 4083000
156.582 4084000
153.589 4085000
153.59 4086000
153.589 4087000
153.59 4088000
154.618 4089000
155.578 4090000
154.586 4091000
146.609 4092000
155.585 4093000
154.586 4094000
153.587 4095000
155.592 4096000
153.589 4097000
152.591 4098000
153.589 4099000
153.589 4100000
154.586 4101000
154.585 4102000
154.585 4103000
153.589 4104000
154.585 4105000
155.583 4106000
154.586 4107000
153.589 4108000
155.583 4109000
153.589 4110000
152.593 4111000
153.589 4112000
158.576 4113000
153.59 4114000
155.582 4115000
155.582 4116000
153.588 4117000
153.587 4118000
155.583 4119000
155.584 4120000
153.589 4121000
155.584 4122000
156.582 4123000
153.589 4124000
155.583 4125000
155.584 4126000
155.585 4127000
155.582 4128000
155.583 4129000
154.585 4130000
154.587 4131000
156.582 4132000
155.582 4133000
154.586 4134000
156.579 4135000
156.579 4136000
154.585 4137000
156.579 4138000
155.582 4139000
155.583 4140000
157.609 4141000
156.579 4142000
155.583 4143000
157.578 4144000
155.585 4145000
155.582 4146000
157.577 4147000
156.58 4148000
153.59 4149000
155.583 4150000
155.583 4151000
154.586 4152000
155.585 4153000
156.585 4154000
156.581 4155000
156.579 4156000
156.579 4157000
157.579 4158000
169.547 4159000
158.574 4160000
159.572 4161000
158.575 4162000
157.578 4163000
157.577 4164000
157.577 4165000
156.579 4166000
158.575 4167000
157.579 4168000
159.573 4169000
160.572 4170000
156.58 4171000
156.58 4172000
158.574 4173000
157.577 4174000
155.583 4175000
156.581 4176000
157.578 4177000
157.579 4178000
155.586 4179000
156.581 4180000
156.581 4181000
157.579 4182000
157.578 4183000
156.582 4184000
157.578 4185000
160.57 4186000
158.575 4187000
156.581 4188000
157.578 4189000
162.566 4190000
159.573 4191000
160.571 4192000
159.574 4193000
160.571 4194000
159.572 4195000
159.629 4196000
160.512 4197000
158.576 4198000
159.607 4199000
158.601 4200000
163.561 4201000
159.572 4202000
169.546 4203000
161.6 4204000
158.577 4205000
158.576 4206000
157.578 4207000
162.625 4208000
159.574 4209000
159.572 4210000
161.567 4211000
158.601 4212000
158.576 4213000
160.512 4214000
160.571 4215000
159.573 4216000
158.576 4217000
157.578 4218000
158.574 4219000
158.575 4220000
158.575 4221000
160.569 4222000
158.632 4223000
159.598 4224000
159.573 4225000
160.571 4226000
159.573 4227000
159.608 4228000
158.576 4229000
159.573 4230000
160.57 4231000
159.571 4232000
159.571 4233000
159.573 4234000
159.573 4235000
159.573 4236000
157.579 4237000
158.575 4238000
159.574 4239000
159.573 4240000
158.577 4241000
160.571 4242000
159.574 4243000
160.57 4244000
159.574 4245000
160.569 4246000
159.571 4247000
159.571 4248000
161.566 4249000
159.572 4250000
158.575 4251000
162.625 4252000
160.571 4253000
160.57 4254000
159.571 4255000
159.572 4256000
160.571 4257000
159.571 4258000
159.571 4259000
158.575 4260000
160.57 4261000
160.57 4262000
169.545 4263000
169.545 4264000
167.553 4265000
167.551 4266000
166.553 4267000
163.561 4268000
160.569 4269000
160.57 4270000
160.571 4271000
161.569 4272000
160.57 4273000
161.569 4274000
161.566 4275000
161.566 4276000
161.568 4277000
160.57 4278000
160.571 4279000
160.57 4280000
160.569 4281000
161.566 4282000
161.567 4283000
161.568 4284000
160.57 4285000
161.567 4286000
161.568 4287000
160.572 4288000
161.567 4289000
160.571 4290000
161.569 4291000
161.568 4292000
161.569 4293000
161.566 4294000
162.565 4295000
162.565 4296000
161.568 4297000
160.571 4298000
162.622 4299000
162.589 4300000
162.562 4301000
163.504 4302000
162.591 4303000
162.507 4304000
163.563 4305000
162.565 4306000
160.57 4307000
161.568 4308000
161.567 4309000
163.562 4310000
162.563 4311000
161.567 4312000
162.563 4313000
162.565 4314000
162.564 4315000
161.569 4316000
162.565 4317000
161.568 4318000
161.569 4319000
163.619 4320000
162.565 4321000
161.567 4322000
162.566 4323000
162.565 4324000
162.565 4325000
162.566 4326000
164.618 4327000
165.558 4328000
163.562 4329000
163.563 4330000
162.566 4331000
163.561 4332000
164.559 4333000
162.564 4334000
162.564 4335000
163.561 4336000
161.568 4337000
162.568 4338000
164.561 4339000
163.563 4340000
163.562 4341000
164.561 4342000
163.561 4343000
163.561 4344000
164.559 4345000
163.562 4346000
163.561 4347000
164.559 4348000
163.563 4349000
164.616 4350000
164.561 4351000
163.561 4352000
163.563 4353000
165.557 4354000
162.566 4355000
163.561 4356000
163.562 4357000
164.563 4358000
162.565 4359000
164.561 4360000
164.559 4361000
164.559 4362000
164.561 4363000
163.562 4364000
165.555 4365000
164.558 4366000
164.558 4367000
162.563 4368000
166.553 4369000
164.558 4370000
163.561 4371000
166.553 4372000
164.559 4373000
172.537 4374000
170.544 4375000
166.554 4376000
167.551 4377000
165.557 4378000
168.55 4379000
168.55 4380000
166.554 4381000
167.585 4382000
169.547 4383000
166.554 4384000
164.56 4385000
165.558 4386000
165.557 4387000
165.556 4388000
164.558 4389000
166.678 4390000
168.52 4391000
166.524 4392000
165.58 4393000
170.599 4394000
166.554 4395000
166.555 4396000
166.555 4397000
165.556 4398000
163.563 4399000
163.563 4400000
164.559 4401000
164.56 4402000
165.556 4403000
165.555 4404000
164.559 4405000
165.558 4406000
165.556 4407000
165.557 4408000
167.552 4409000
167.611 4410000
168.55 4411000
166.556 4412000
166.555 4413000
166.553 4414000
165.556 4415000
166.588 4416000
167.552 4417000
167.553 4418000
166.555 4419000
166.554 4420000
166.553 4421000
165.56 4422000
166.613 4423000
167.574 4424000
166.554 4425000
164.561 4426000
167.551 4427000
166.588 4428000
167.553 4429000
167.55 4430000
164.558 4431000
166.553 4432000
167.551 4433000
167.611 4434000
170.544 4435000
166.522 4436000
167.552 4437000
167.609 4438000
169.511 4439000
167.552 4440000
168.538 4441000
168.549 4442000
171.541 4443000
168.549 4444000
167.552 4445000
167.553 4446000
167.551 4447000
167.553 4448000
167.551 4449000
166.554 4450000
165.558 4451000
170.578 4452000
167.551 4453000
168.549 4454000
167.552 4455000
167.552 4456000
167.553 4457000
167.553 4458000
167.553 4459000
168.552 4460000
167.551 4461000
169.663 4462000
168.573 4463000
167.554 4464000
167.55 4465000
169.545 4466000
167.55 4467000
166.553 4468000
168.579 4469000
170.602 4470000
169.548 4471000
169.545 4472000
169.546 4473000
168.547 4474000
168.549 4475000
167.55 4476000
168.549 4477000
168.548 4478000
168.549 4479000
167.552 4480000
168.547 4481000
169.546 4482000
169.577 4483000
169.546 4484000
170.569 4485000
172.538 4486000
169.547 4487000
169.545 4488000
168.548 4489000
169.546 4490000
170.544 4491000
170.602 4492000
170.543 4493000
168.549 4494000
169.545 4495000
168.547 4496000
168.548 4497000
169.545 4498000
168.549 4499000
169.546 4500000
170.603 4501000
171.542 4502000
169.548 4503000
168.549 4504000
169.548 4505000
170.543 4506000
170.543 4507000
168.549 4508000
168.549 4509000
168.549 4510000
168.549 4511000
169.546 4512000
170.544 4513000
169.545 4514000
169.546 4515000
170.576 4516000
173.535 4517000
169.547 4518000
170.545 4519000
171.54 4520000
169.545 4521000
171.539 4522000
171.539 4523000
169.544 4524000
170.542 4525000
169.547 4526000
170.543 4527000
174.595 4528000
171.541 4529000
161.569 4530000
171.542 4531000
170.543 4532000
170.544 4533000
171.542 4534000
169.546 4535000
170.542 4536000
170.543 4537000
170.542 4538000
170.542 4539000
171.54 4540000
170.544 4541000
171.54 4542000
172.561 4543000
171.567 4544000
173.477 4545000
173.537 4546000
171.539 4547000
172.537 4548000
170.543 4549000
176.527 4550000
172.537 4551000
177.525 4552000
173.537 4553000
173.5 4554000
173.478 4555000
175.589 4556000
173.536 4557000
173.536 4558000
172.597 4559000
173.476 4560000
176.494 4561000
172.561 4562000
173.479 4563000
174.564 4564000
172.539 4565000
172.537 4566000
171.541 4567000
171.54 4568000
172.537 4569000
171.539 4570000
171.539 4571000
172.537 4572000
171.539 4573000
172.598 4574000
172.539 4575000
172.538 4576000
170.544 4577000
172.571 4578000
174.534 4579000
172.539 4580000
172.538 4581000
170.544 4582000
171.539 4583000
171.54 4584000
172.537 4585000
173.534 4586000
172.537 4587000
172.537 4588000
173.535 4589000
173.535 4590000
173.534 4591000
173.534 4592000
172.537 4593000
171.541 4594000
172.538 4595000
171.541 4596000
173.536 4597000
173.536 4598000
172.538 4599000
173.536 4600000
173.536 4601000
172.539 4602000
172.537 4603000
173.535 4604000
174.531 4605000
173.535 4606000
174.531 4607000
172.537 4608000
171.54 4609000
172.539 4610000
174.533 4611000
172.539 4612000
173.534 4613000
173.535 4614000
173.537 4615000
173.536 4616000
174.533 4617000
173.535 4618000
174.531 4619000
173.535 4620000
175.53 4621000
173.536 4622000
173.537 4623000
174.531 4624000
174.532 4625000
174.556 4626000
174.476 4627000
174.559 4628000
174.476 4629000
177.525 4630000
174.596 4631000
175.531 4632000
174.532 4633000
174.531 4634000
174.531 4635000
173.535 4636000
176.584 4637000
174.531 4638000
175.53 4639000
174.531 4640000
174.533 4641000
175.53 4642000
175.499 4643000
175.497 4644000
180.482 4645000
177.49 4646000
177.525 4647000
174.531 4648000
174.533 4649000
175.529 4650000
174.532 4651000
174.531 4652000
173.534 4653000
175.529 4654000
175.53 4655000
176.526 4656000
174.531 4657000
174.534 4658000
175.529 4659000
173.534 4660000
175.528 4661000
174.531 4662000
174.531 4663000
175.53 4664000
174.533 4665000
175.531 4666000
175.529 4667000
175.529 4668000
174.531 4669000
176.527 4670000
175.588 4671000
176.527 4672000
174.534 4673000
175.529 4674000
175.529 4675000
176.526 4676000
176.527 4677000
176.527 4678000
175.53 4679000
175.53 4680000
175.531 4681000
176.527 4682000
175.531 4683000
176.527 4684000
176.527 4685000
175.53 4686000
177.525 4687000
176.527 4688000
175.53 4689000
176.529 4690000
175.532 4691000
184.506 4692000
177.526 4693000
177.557 4694000
179.519 4695000
177.525 4696000
177.525 4697000
176.561 4698000
180.577 4699000
180.517 4700000
179.519 4701000
175.532 4702000
175.53 4703000
177.524 4704000
177.581 4705000
176.528 4706000
178.522 4707000
176.528 4708000
176.529 4709000
177.524 4710000
177.526 4711000
176.651 4712000
181.514 4713000
180.459 4714000
180.575 4715000
182.512 4716000
178.522 4717000
178.522 4718000
177.526 4719000
181.515 4720000
180.549 4721000
181.514 4722000
180.518 4723000
179.521 4724000
178.522 4725000
178.524 4726000
179.52 4727000
180.573 4728000
179.519 4729000
179.577 4730000
178.523 4731000
178.522 4732000
178.522 4733000
178.52 4734000
179.519 4735000
178.521 4736000
178.521 4737000
178.523 4738000
178.522 4739000
176.527 4740000
181.632 4741000
180.518 4742000
177.523 4743000
179.519 4744000
179.518 4745000
179.518 4746000
177.525 4747000
177.525 4748000
177.523 4749000
178.522 4750000
179.519 4751000
179.518 4752000
178.521 4753000
179.518 4754000
179.518 4755000
179.518 4756000
178.548 4757000
180.518 4758000
178.524 4759000
179.52 4760000
180.517 4761000
179.52 4762000
178.523 4763000
180.517 4764000
177.526 4765000
180.515 4766000
179.518 4767000
179.52 4768000
179.521 4769000
178.524 4770000
179.522 4771000
179.519 4772000
179.518 4773000
178.522 4774000
180.518 4775000
179.519 4776000
179.519 4777000
179.521 4778000
179.518 4779000
179.518 4780000
181.513 4781000
180.516 4782000
181.513 4783000
178.521 4784000
181.546 4785000
179.52 4786000
179.519 4787000
180.516 4788000
179.52 4789000
178.522 4790000
180.518 4791000
180.518 4792000
179.519 4793000
179.518 4794000
180.516 4795000
180.518 4796000
181.514 4797000
180.516 4798000
180.518 4799000
179.521 4800000
181.513 4801000
181.513 4802000
179.52 4803000
182.569 4804000
182.509 4805000
181.513 4806000
179.518 4807000
181.513 4808000
180.516 4809000
180.515 4810000
180.517 4811000
179.518 4812000
181.513 4813000
181.514 4814000
181.515 4815000
182.513 4816000
181.513 4817000
181.513 4818000
179.519 4819000
180.518 4820000
181.515 4821000
181.513 4822000
182.571 4823000
180.518 4824000
182.51 4825000
181.513 4826000
181.515 4827000
180.518 4828000
181.514 4829000
182.513 4830000
182.51 4831000
182.511 4832000
180.515 4833000
179.518 4834000
182.511 4835000
182.51 4836000
180.515 4837000
182.51 4838000
182.511 4839000
182.51 4840000
182.51 4841000
181.514 4842000
182.512 4843000
182.512 4844000
182.51 4845000
181.513 4846000
182.51 4847000
182.51 4848000
181.513 4849000
181.513 4850000
181.514 4851000
183.508 4852000
182.51 4853000
184.506 4854000
183.507 4855000
183.507 4856000
182.51 4857000
183.509 4858000
183.508 4859000
183.509 4860000
183.509 4861000
182.51 4862000
183.507 4863000
185.502 4864000
186.531 4865000
184.506 4866000
182.513 4867000
182.511 4868000
183.51 4869000
182.513 4870000
184.504 4871000
183.507 4872000
183.509 4873000
184.506 4874000
183.509 4875000
184.506 4876000
183.51 4877000
183.51 4878000
184.508 4879000
183.509 4880000
182.512 4881000
184.506 4882000
183.51 4883000
183.509 4884000
188.497 4885000
186.501 4886000
187.498 4887000
188.496 4888000
189.494 4889000
186.502 4890000
185.503 4891000
187.555 4892000
186.445 4893000
185.505 4894000
184.506 4895000
187.498 4896000
185.562 4897000
184.507 4898000
185.504 4899000
185.504 4900000
185.504 4901000
184.506 4902000
189.493 4903000
187.499 4904000
184.508 4905000
185.502 4906000
185.502 4907000
184.505 4908000
184.505 4909000
184.505 4910000
185.562 4911000
185.504 4912000
185.504 4913000
184.507 4914000
186.502 4915000
185.505 4916000
186.535 4917000
185.504 4918000
186.501 4919000
186.502 4920000
184.507 4921000
185.505 4922000
186.502 4923000
186.502 4924000
185.502 4925000
186.499 4926000
184.507 4927000
185.502 4928000
185.503 4929000
186.501 4930000
185.505 4931000
184.506 4932000
186.532 4933000
185.503 4934000
186.502 4935000
186.499 4936000
185.502 4937000
186.499 4938000
186.502 4939000
185.503 4940000
187.529 4941000
186.501 4942000
186.499 4943000
186.499 4944000
187.499 4945000
185.502 4946000
186.531 4947000
184.505 4948000
186.501 4949000
187.499 4950000
186.499 4951000
186.5 4952000
185.504 4953000
188.497 4954000
187.498 4955000
185.503 4956000
187.498 4957000
186.502 4958000
187.498 4959000
188.527 4960000
188.495 4961000
187.498 4962000
189.525 4963000
187.498 4964000
191.489 4965000
187.497 4966000
185.503 4967000
187.498 4968000
187.498 4969000
187.499 4970000
187.499 4971000
187.498 4972000
186.502 4973000
187.497 4974000
187.497 4975000
186.499 4976000
187.498 4977000
188.497 4978000
187.497 4979000
185.503 4980000
187.499 4981000
187.497 4982000
187.498 4983000
187.496 4984000
187.496 4985000
186.501 4986000
187.498 4987000
188.497 4988000
187.497 4989000
188.494 4990000
188.495 4991000
188.495 4992000
188.495 4993000
187.497 4994000
187.497 4995000
187.529 4996000
188.494 4997000
187.498 4998000
188.494 4999000
188.494 5000000
