0 1000
0 2000
0 3000
0 4000
0 5000
0 6000
0 7000
0 8000
0.997 9000
0 10000
0 11000
0 12000
0 13000
0 14000
0 15000
0 16000
0 17000
0 18000
0 19000
0 20000
0 21000
0 22000
0.997 23000
0 24000
0 25000
0 26000
0 27000
0.997 28000
0 29000
0 30000
0 31000
0.997 32000
0 33000
0 34000
0 35000
0 36000
0 37000
0 38000
0.997 39000
0 40000
0 41000
0 42000
0.997 43000
0 44000
0 45000
0.997 46000
0 47000
0 48000
0.997 49000
0 50000
0 51000
0.997 52000
0 53000
0.997 54000
0 55000
0 56000
0.997 57000
0 58000
0 59000
0 60000
0 61000
0.997 62000
0 63000
0.997 64000
0 65000
0.997 66000
0 67000
0.997 68000
0 69000
0.997 70000
0 71000
0.997 72000
0 73000
0.997 74000
0 75000
0 76000
0.999 77000
0 78000
0 79000
0.995 80000
0 81000
0 82000
0 83000
0 84000
0 85000
0.999 86000
0 87000
0.997 88000
0 89000
0 90000
0 91000
0 92000
0.998 93000
0.997 94000
0 95000
0 96000
0 97000
0 98000
0.999 99000
0.997 100000
0 101000
0 102000
0 103000
0 104000
0.999 105000
0.997 106000
0 107000
0 108000
0 109000
0 110000
0.999 111000
0.997 112000
0 113000
0 114000
0 115000
0 116000
0.985 117000
0.999 118000
0.997 119000
0.997 120000
0.997 121000
0.998 122000
0.996 123000
0.997 124000
0.998 125000
0 126000
0 127000
0.997 128000
0.997 129000
1.029 130000
0.997 131000
0.966 132000
1.029 133000
0 134000
0 135000
0.997 136000
0.997 137000
0.997 138000
0.997 139000
0.997 140000
0.997 141000
0.997 142000
0 143000
1.034 144000
0.959 145000
0.997 146000
0.997 147000
0.964 148000
1.029 149000
0.964 150000
0.995 151000
0.996 152000
0.997 153000
1.016 154000
1.005 155000
0.994 156000
0.973 157000
0.997 158000
1.998 159000
0.994 160000
0.996 161000
0.999 162000
0.996 163000
0.996 164000
0.997 165000
0.996 166000
0.997 167000
0.997 168000
0.997 169000
0.997 170000
1.994 171000
0.997 172000
0.997 173000
0.997 174000
0.997 175000
0.962 176000
0.998 177000
0.998 178000
1.031 179000
0.997 180000
0.999 181000
0.998 182000
0.963 183000
0.993 184000
0.999 185000
0.995 186000
1.962 187000
0.997 188000
1.995 189000
1.031 190000
0.999 191000
0.994 192000
1.994 193000
0.997 194000
1 195000
0.995 196000
0.998 197000
0.996 198000
1.02 199000
1.996 200000
0.995 201000
0.998 202000
1.992 203000
0.999 204000
0.995 205000
1.997 206000
0.995 207000
1.994 208000
0.997 209000
0.999 210000
1.969 211000
0.995 212000
1.996 213000
0.995 214000
0.999 215000
1.992 216000
0.999 217000
1.992 218000
0.998 219000
1.995 220000
0.994 221000
0.997 222000
0.994 223000
0.999 224000
1.993 225000
0.999 226000
1.994 227000
0.997 228000
1.993 229000
0.998 230000
1.995 231000
1.021 232000
1.992 233000
1.001 234000
1.992 235000
0.997 236000
1.995 237000
0.995 238000
1.996 239000
0.995 240000
0.985 241000
1.973 242000
0.996 243000
2.018 244000
0.995 245000
0.995 246000
1.997 247000
0.994 248000
1.996 249000
1.994 250000
0.996 251000
1.995 252000
1.992 253000
0.999 254000
1.994 255000
1.974 256000
1.02 257000
1.989 258000
1.994 259000
0.999 260000
1.973 261000
2.018 262000
1.992 263000
1.994 264000
0.995 265000
1.938 266000
2.052 267000
1.992 268000
0.998 269000
1.992 270000
1.994 271000
1.996 272000
0.995 273000
1.998 274000
1.992 275000
1.992 276000
1.995 277000
0.998 278000
1.993 279000
1.994 280000
1.996 281000
1.994 282000
0.995 283000
1.996 284000
1.992 285000
1.995 286000
1.995 287000
0.996 288000
1.994 289000
1.996 290000
1.994 291000
1.992 292000
1.995 293000
1.998 294000
0.998 295000
1.019 296000
1.996 297000
1.994 298000
1.992 299000
1.994 300000
1.996 301000
1.992 302000
2.97 303000
1.019 304000
0.996 305000
0.995 306000
0.995 307000
1.995 308000
0.997 309000
1.995 310000
1.992 311000
1.994 312000
1.995 313000
1.993 314000
1.995 315000
1.963 316000
1.029 317000
0.995 318000
1.937 319000
2.051 320000
1.997 321000
1.991 322000
1.995 323000
1.993 324000
1.994 325000
1.995 326000
1.936 327000
2.052 328000
1.992 329000
1.995 330000
1.999 331000
1.991 332000
1.993 333000
1.995 334000
1.996 335000
1.993 336000
1.994 337000
1.995 338000
1.993 339000
1.995 340000
1.998 341000
1.991 342000
1.993 343000
1.996 344000
1.935 345000
1.995 346000
2.029 347000
1.993 348000
1.995 349000
1.992 350000
1.995 351000
1.993 352000
1.996 353000
1.994 354000
1.995 355000
1.994 356000
1.995 357000
2.001 358000
1.988 359000
1.994 360000
2.991 361000
1.994 362000
1.996 363000
2.991 364000
1.996 365000
1.992 366000
2.994 367000
1.992 368000
1.995 369000
2.99 370000
1.995 371000
2.991 372000
1.996 373000
1.996 374000
2.99 375000
2.017 376000
1.994 377000
1.994 378000
1.995 379000
2.991 380000
1.996 381000
1.992 382000
2.993 383000
1.993 384000
2.991 385000
1.995 386000
2.996 387000
1.989 388000
2.991 389000
1.995 390000
2.991 391000
1.996 392000
2.99 393000
1.996 394000
2.934 395000
2.054 396000
1.994 397000
1.996 398000
1.994 399000
1.995 400000
1.994 401000
1.995 402000
1.994 403000
1.995 404000
1.995 405000
1.994 406000
1.995 407000
2.992 408000
1.995 409000
2.992 410000
1.995 411000
1.995 412000
2.992 413000
1.995 414000
2.992 415000
1.995 416000
1.995 417000
2.992 418000
1.995 419000
2.992 420000
1.995 421000
1.995 422000
2.992 423000
1.995 424000
2.992 425000
1.995 426000
1.995 427000
2.992 428000
1.995 429000
2.992 430000
2.992 431000
1.995 432000
1.995 433000
1.995 434000
2.992 435000
1.995 436000
2.992 437000
1.995 438000
1.995 439000
2.992 440000
1.995 441000
2.992 442000
2.992 443000
2.992 444000
2.992 445000
2.991 446000
1.994 447000
1.994 448000
1.994 449000
1.994 450000
2.992 451000
2.992 452000
2.992 453000
3.989 454000
1.994 455000
1.994 456000
2.992 457000
2.993 458000
2.992 459000
2.992 460000
2.991 461000
3.989 462000
2.992 463000
2.992 464000
2.991 465000
1.994 466000
1.994 467000
2.992 468000
1.996 469000
1.993 470000
2.993 471000
2.99 472000
2.992 473000
2.992 474000
3.027 475000
2.956 476000
2.991 477000
2.992 478000
2.991 479000
2.992 480000
2.993 481000
2.991 482000
3.027 483000
2.956 484000
2.991 485000
3.989 486000
2.991 487000
2.992 488000
4.021 489000
2.994 490000
2.992 491000
2.993 492000
2.992 493000
2.991 494000
3.026 495000
2.993 496000
2.992 497000
2.991 498000
2.992 499000
2.991 500000
2.991 501000
2.992 502000
2.992 503000
2.991 504000
2.993 505000
2.994 506000
2.991 507000
2.992 508000
2.991 509000
2.992 510000
2.99 511000
2.991 512000
3.991 513000
2.99 514000
2.993 515000
2.992 516000
4.021 517000
2.99 518000
2.992 519000
3.955 520000
2.991 521000
2.992 522000
3.989 523000
2.991 524000
3.989 525000
3.023 526000
2.961 527000
2.991 528000
2.992 529000
3.989 530000
2.992 531000
2.991 532000
3.989 533000
2.992 534000
3.989 535000
2.992 536000
2.991 537000
3.989 538000
2.991 539000
3.989 540000
2.992 541000
3.989 542000
2.991 543000
2.992 544000
2.991 545000
2.991 546000
3.989 547000
2.992 548000
2.993 549000
3.026 550000
2.957 551000
2.99 552000
2.992 553000
3.989 554000
3.988 555000
2.991 556000
3.989 557000
2.991 558000
3.989 559000
2.993 560000
2.99 561000
3.989 562000
2.992 563000
3.989 564000
2.992 565000
3.988 566000
3.989 567000
2.992 568000
3.989 569000
2.992 570000
2.992 571000
3.989 572000
2.992 573000
2.992 574000
3.994 575000
2.986 576000
3.99 577000
3.988 578000
2.992 579000
2.992 580000
2.993 581000
3.989 582000
3.989 583000
2.992 584000
3.991 585000
3.987 586000
2.992 587000
2.992 588000
3.994 589000
3.983 590000
2.991 591000
2.992 592000
3.989 593000
3.987 594000
3.989 595000
2.992 596000
3.989 597000
3.989 598000
3.989 599000
3.99 600000
2.991 601000
3.989 602000
3.99 603000
3.987 604000
3.989 605000
3.989 606000
2.992 607000
3.989 608000
3.989 609000
3.989 610000
3.989 611000
3.99 612000
3.988 613000
4.024 614000
3.954 615000
2.992 616000
3.026 617000
3.955 618000
3.988 619000
4.022 620000
3.956 621000
3.989 622000
3.99 623000
3.989 624000
3.988 625000
3.988 626000
4.027 627000
3.983 628000
3.958 629000
3.988 630000
3.989 631000
3.989 632000
3.99 633000
3.989 634000
3.987 635000
3.989 636000
3.989 637000
3.988 638000
3.989 639000
3.989 640000
3.989 641000
3.989 642000
3.99 643000
3.989 644000
3.989 645000
3.989 646000
3.989 647000
3.991 648000
3.989 649000
3.989 650000
3.989 651000
3.989 652000
3.99 653000
3.988 654000
3.989 655000
3.989 656000
3.99 657000
3.976 658000
3.986 659000
3.993 660000
3.986 661000
4.988 662000
3.988 663000
3.989 664000
3.991 665000
4.985 666000
3.953 667000
3.988 668000
3.991 669000
3.988 670000
3.99 671000
3.991 672000
3.987 673000
4.986 674000
3.989 675000
3.99 676000
4.985 677000
3.989 678000
3.99 679000
3.988 680000
3.99 681000
3.988 682000
3.989 683000
3.989 684000
3.988 685000
3.99 686000
3.989 687000
3.988 688000
4.988 689000
3.987 690000
3.989 691000
4.986 692000
3.989 693000
3.988 694000
3.987 695000
3.989 696000
4.986 697000
3.989 698000
4.986 699000
3.989 700000
3.989 701000
4.024 702000
3.955 703000
5.018 704000
3.991 705000
4.986 706000
3.993 707000
4.949 708000
3.988 709000
5.02 710000
3.989 711000
3.988 712000
3.988 713000
3.989 714000
4.986 715000
3.955 716000
3.989 717000
3.99 718000
3.989 719000
4.986 720000
3.989 721000
4.987 722000
3.988 723000
4.986 724000
3.99 725000
4.985 726000
4.987 727000
3.989 728000
5.019 729000
3.956 730000
3.989 731000
4.986 732000
3.99 733000
4.986 734000
4.986 735000
3.988 736000
4.986 737000
4.986 738000
3.99 739000
4.985 740000
4.986 741000
3.989 742000
4.987 743000
4.986 744000
3.988 745000
3.989 746000
4.986 747000
5.022 748000
3.953 749000
4.986 750000
4.987 751000
4.985 752000
3.989 753000
3.989 754000
4.986 755000
4.986 756000
4.986 757000
3.989 758000
4.986 759000
4.986 760000
4.986 761000
4.987 762000
3.99 763000
3.99 764000
3.989 765000
4.984 766000
4.986 767000
4.986 768000
4.986 769000
5.021 770000
4.986 771000
3.955 772000
3.989 773000
5.02 774000
4.986 775000
5.009 776000
4.986 777000
4.99 778000
3.987 779000
4.984 780000
4.987 781000
4.985 782000
4.99 783000
4.984 784000
4.987 785000
4.928 786000
5.049 787000
3.983 788000
3.99 789000
3.991 790000
3.991 791000
3.99 792000
3.99 793000
3.99 794000
3.989 795000
4.986 796000
4.986 797000
4.986 798000
4.986 799000
4.986 800000
4.986 801000
4.986 802000
4.986 803000
4.986 804000
4.986 805000
4.986 806000
4.986 807000
4.986 808000
4.986 809000
4.986 810000
4.986 811000
4.986 812000
4.986 813000
4.986 814000
4.986 815000
4.986 816000
4.986 817000
4.986 818000
4.986 819000
4.987 820000
4.987 821000
3.99 822000
3.99 823000
4.987 824000
4.987 825000
4.986 826000
4.986 827000
4.986 828000
4.986 829000
4.986 830000
4.986 831000
4.986 832000
4.986 833000
4.986 834000
4.986 835000
4.987 836000
4.986 837000
4.986 838000
4.986 839000
3.99 840000
4.987 841000
4.986 842000
4.987 843000
4.987 844000
4.986 845000
4.987 846000
4.986 847000
4.986 848000
4.986 849000
5.984 850000
4.986 851000
4.986 852000
4.986 853000
4.986 854000
5.984 855000
4.986 856000
4.986 857000
4.987 858000
4.987 859000
4.986 860000
4.987 861000
4.986 862000
4.986 863000
5.984 864000
4.986 865000
5.984 866000
4.988 867000
4.987 868000
4.987 869000
4.986 870000
5.984 871000
4.986 872000
4.986 873000
5.984 874000
4.987 875000
4.987 876000
4.987 877000
4.986 878000
5.984 879000
4.987 880000
4.986 881000
4.987 882000
4.987 883000
4.987 884000
4.987 885000
4.986 886000
5.984 887000
4.986 888000
5.984 889000
4.987 890000
4.987 891000
4.987 892000
4.987 893000
4.986 894000
5.984 895000
4.986 896000
5.984 897000
4.987 898000
4.987 899000
4.988 900000
5.983 901000
4.986 902000
5.984 903000
4.987 904000
4.987 905000
5.984 906000
4.986 907000
5.984 908000
5.984 909000
4.987 910000
4.987 911000
4.987 912000
4.987 913000
5.984 914000
4.986 915000
5.984 916000
4.987 917000
4.987 918000
4.987 919000
5.984 920000
4.986 921000
4.987 922000
5.984 923000
4.987 924000
4.988 925000
5.983 926000
5.984 927000
4.987 928000
4.987 929000
4.987 930000
5.984 931000
4.987 932000
4.988 933000
4.987 934000
4.987 935000
5.984 936000
5.983 937000
4.987 938000
5.983 939000
4.986 940000
5.984 941000
5.983 942000
4.987 943000
4.987 944000
4.987 945000
5.984 946000
5.984 947000
4.987 948000
4.988 949000
4.987 950000
5.984 951000
5.984 952000
4.987 953000
4.987 954000
5.983 955000
5.984 956000
5.984 957000
4.987 958000
4.987 959000
4.987 960000
5.984 961000
5.983 962000
5.984 963000
4.987 964000
4.987 965000
5.983 966000
5.984 967000
4.987 968000
4.987 969000
5.984 970000
4.986 971000
4.987 972000
4.987 973000
4.987 974000
4.986 975000
5.984 976000
4.987 977000
5.984 978000
4.986 979000
5.984 980000
4.987 981000
4.987 982000
5.985 983000
5.983 984000
5.985 985000
5.985 986000
5.984 987000
4.987 988000
4.987 989000
4.987 990000
5.984 991000
5.985 992000
5.985 993000
5.984 994000
5.984 995000
5.985 996000
5.985 997000
5.984 998000
5.984 999000
4.987 1000000
5.981 1001000
5.984 1002000
5.984 1003000
5.985 1004000
4.987 1005000
5.983 1006000
5.984 1007000
6.02 1008000
5.982 1009000
5.984 1010000
5.985 1011000
5.984 1012000
5.984 1013000
5.985 1014000
5.984 1015000
5.983 1016000
5.984 1017000
5.984 1018000
7.004 1019000
5.985 1020000
5.984 1021000
5.983 1022000
5.982 1023000
5.983 1024000
6.982 1025000
5.983 1026000
5.986 1027000
5.98 1028000
5.979 1029000
5.988 1030000
5.985 1031000
6.981 1032000
5.984 1033000
5.985 1034000
5.985 1035000
5.984 1036000
5.985 1037000
5.985 1038000
5.984 1039000
5.985 1040000
5.985 1041000
5.983 1042000
5.985 1043000
5.984 1044000
6.981 1045000
5.985 1046000
5.985 1047000
5.983 1048000
6.982 1049000
5.984 1050000
6.981 1051000
5.985 1052000
5.984 1053000
5.985 1054000
5.985 1055000
5.984 1056000
6.981 1057000
5.985 1058000
5.984 1059000
6.981 1060000
5.985 1061000
5.984 1062000
6.981 1063000
5.985 1064000
6.981 1065000
5.985 1066000
5.985 1067000
6.981 1068000
5.985 1069000
6.981 1070000
5.985 1071000
5.985 1072000
6.981 1073000
5.985 1074000
6.981 1075000
5.985 1076000
5.985 1077000
6.981 1078000
5.985 1079000
6.981 1080000
5.985 1081000
6.981 1082000
6.981 1083000
6.982 1084000
5.984 1085000
5.985 1086000
5.985 1087000
6.981 1088000
6.981 1089000
5.984 1090000
6.981 1091000
5.985 1092000
6.981 1093000
5.985 1094000
5.985 1095000
6.981 1096000
5.985 1097000
6.981 1098000
5.985 1099000
5.985 1100000
6.981 1101000
5.985 1102000
6.981 1103000
5.985 1104000
5.985 1105000
6.981 1106000
5.985 1107000
6.981 1108000
5.985 1109000
5.985 1110000
6.981 1111000
6.981 1112000
6.981 1113000
5.985 1114000
5.985 1115000
6.981 1116000
5.985 1117000
5.985 1118000
6.981 1119000
5.985 1120000
6.981 1121000
5.985 1122000
6.982 1123000
5.985 1124000
5.985 1125000
6.981 1126000
5.985 1127000
6.981 1128000
5.985 1129000
5.985 1130000
5.983 1131000
5.985 1132000
5.983 1133000
5.985 1134000
6.981 1135000
6.981 1136000
5.985 1137000
6.981 1138000
6.982 1139000
6.98 1140000
6.982 1141000
6.981 1142000
5.985 1143000
6.981 1144000
5.985 1145000
6.981 1146000
5.985 1147000
6.981 1148000
5.985 1149000
6.981 1150000
6.982 1151000
6.981 1152000
6.981 1153000
6.981 1154000
5.985 1155000
5.984 1156000
6.981 1157000
6.982 1158000
6.981 1159000
6.982 1160000
6.981 1161000
5.985 1162000
7.978 1163000
6.981 1164000
6.981 1165000
6.982 1166000
6.981 1167000
6.982 1168000
6.981 1169000
6.981 1170000
7.017 1171000
6.98 1172000
6.98 1173000
6.983 1174000
7.01 1175000
6.981 1176000
6.982 1177000
6.982 1178000
6.98 1179000
6.983 1180000
7.977 1181000
6.979 1182000
6.982 1183000
6.981 1184000
7.978 1185000
6.981 1186000
6.981 1187000
7.978 1188000
6.982 1189000
6.98 1190000
7.978 1191000
6.982 1192000
6.981 1193000
6.979 1194000
6.983 1195000
6.981 1196000
6.982 1197000
6.981 1198000
6.982 1199000
6.981 1200000
6.982 1201000
6.981 1202000
6.981 1203000
6.98 1204000
6.981 1205000
7.978 1206000
6.982 1207000
6.981 1208000
6.982 1209000
6.981 1210000
6.982 1211000
6.982 1212000
6.981 1213000
6.982 1214000
6.981 1215000
6.982 1216000
6.981 1217000
6.982 1218000
7.979 1219000
6.982 1220000
6.981 1221000
6.981 1222000
6.98 1223000
6.981 1224000
6.981 1225000
6.982 1226000
6.981 1227000
6.982 1228000
6.981 1229000
6.982 1230000
6.981 1231000
6.982 1232000
6.982 1233000
7.978 1234000
6.982 1235000
7.978 1236000
6.982 1237000
6.982 1238000
7.978 1239000
6.982 1240000
7.978 1241000
6.982 1242000
6.982 1243000
7.978 1244000
6.982 1245000
6.981 1246000
6.982 1247000
6.982 1248000
7.978 1249000
6.982 1250000
7.978 1251000
6.982 1252000
6.982 1253000
7.978 1254000
6.982 1255000
7.978 1256000
6.982 1257000
6.982 1258000
7.978 1259000
6.982 1260000
7.978 1261000
6.982 1262000
6.982 1263000
7.979 1264000
6.982 1265000
7.978 1266000
6.982 1267000
6.982 1268000
7.978 1269000
6.982 1270000
7.978 1271000
6.982 1272000
6.982 1273000
7.978 1274000
6.982 1275000
7.978 1276000
6.982 1277000
6.982 1278000
7.978 1279000
6.982 1280000
7.978 1281000
6.982 1282000
6.982 1283000
7.979 1284000
6.982 1285000
7.978 1286000
6.982 1287000
7.979 1288000
6.981 1289000
6.982 1290000
6.982 1291000
7.978 1292000
6.982 1293000
8.976 1294000
7.978 1295000
6.982 1296000
6.982 1297000
6.982 1298000
6.982 1299000
7.978 1300000
6.982 1301000
7.978 1302000
6.982 1303000
6.982 1304000
7.978 1305000
6.982 1306000
6.981 1307000
6.982 1308000
6.982 1309000
7.978 1310000
7.979 1311000
7.979 1312000
7.978 1313000
7.978 1314000
6.982 1315000
7.979 1316000
7.978 1317000
7.979 1318000
7.978 1319000
7.978 1320000
7.979 1321000
7.978 1322000
7.978 1323000
7.978 1324000
7.978 1325000
7.978 1326000
7.979 1327000
7.978 1328000
6.982 1329000
7.979 1330000
7.979 1331000
7.978 1332000
6.982 1333000
6.982 1334000
7.978 1335000
7.978 1336000
7.979 1337000
7.979 1338000
7.978 1339000
7.979 1340000
7.979 1341000
7.979 1342000
7.978 1343000
7.979 1344000
7.978 1345000
7.978 1346000
7.978 1347000
7.979 1348000
7.978 1349000
7.98 1350000
7.979 1351000
7.979 1352000
7.978 1353000
7.979 1354000
7.979 1355000
7.979 1356000
7.978 1357000
7.979 1358000
7.979 1359000
7.979 1360000
7.978 1361000
8.975 1362000
7.979 1363000
8.976 1364000
7.978 1365000
7.979 1366000
7.979 1367000
7.979 1368000
7.978 1369000
7.979 1370000
7.979 1371000
7.979 1372000
7.978 1373000
7.979 1374000
7.978 1375000
8.976 1376000
7.978 1377000
7.979 1378000
7.979 1379000
7.978 1380000
7.979 1381000
7.979 1382000
7.979 1383000
7.978 1384000
7.979 1385000
7.979 1386000
7.979 1387000
8.976 1388000
7.978 1389000
7.979 1390000
7.979 1391000
8.975 1392000
7.978 1393000
7.979 1394000
7.979 1395000
8.976 1396000
7.978 1397000
7.979 1398000
8.976 1399000
7.978 1400000
7.979 1401000
7.979 1402000
7.979 1403000
8.976 1404000
7.978 1405000
7.979 1406000
7.979 1407000
8.976 1408000
7.978 1409000
8.976 1410000
7.979 1411000
8.975 1412000
7.978 1413000
7.979 1414000
7.979 1415000
8.976 1416000
8.976 1417000
7.981 1418000
8.975 1419000
7.98 1420000
8.975 1421000
8.976 1422000
7.979 1423000
7.979 1424000
7.979 1425000
8.976 1426000
8.976 1427000
7.978 1428000
7.979 1429000
8.976 1430000
8.976 1431000
7.979 1432000
7.979 1433000
7.979 1434000
9.973 1435000
7.978 1436000
8.976 1437000
8.977 1438000
7.979 1439000
8.976 1440000
7.979 1441000
7.979 1442000
7.979 1443000
8.976 1444000
8.976 1445000
7.979 1446000
7.979 1447000
7.979 1448000
8.976 1449000
8.976 1450000
7.979 1451000
7.979 1452000
8.976 1453000
8.976 1454000
8.976 1455000
7.979 1456000
7.979 1457000
7.979 1458000
7.978 1459000
8.976 1460000
7.979 1461000
7.979 1462000
8.977 1463000
7.979 1464000
7.978 1465000
8.976 1466000
7.979 1467000
7.979 1468000
8.976 1469000
7.978 1470000
8.975 1471000
8.976 1472000
7.979 1473000
7.979 1474000
7.979 1475000
8.977 1476000
8.976 1477000
8.976 1478000
7.979 1479000
7.979 1480000
8.976 1481000
8.976 1482000
8.976 1483000
7.979 1484000
7.979 1485000
7.979 1486000
8.976 1487000
8.976 1488000
8.977 1489000
8.977 1490000
8.977 1491000
8.977 1492000
8.977 1493000
7.979 1494000
8.976 1495000
8.977 1496000
8.977 1497000
8.977 1498000
8.977 1499000
8.976 1500000
8.977 1501000
8.977 1502000
8.977 1503000
7.979 1504000
8.975 1505000
8.976 1506000
8.975 1507000
8.977 1508000
8.977 1509000
8.977 1510000
8.977 1511000
8.977 1512000
8.977 1513000
8.977 1514000
8.977 1515000
8.977 1516000
8.977 1517000
8.977 1518000
8.977 1519000
8.977 1520000
8.977 1521000
8.977 1522000
8.977 1523000
8.977 1524000
8.977 1525000
8.977 1526000
8.977 1527000
8.977 1528000
8.977 1529000
8.977 1530000
8.977 1531000
8.977 1532000
8.977 1533000
8.977 1534000
8.977 1535000
8.977 1536000
8.977 1537000
8.977 1538000
8.977 1539000
8.977 1540000
8.977 1541000
8.977 1542000
8.977 1543000
8.977 1544000
8.977 1545000
8.977 1546000
8.977 1547000
8.977 1548000
8.977 1549000
8.977 1550000
8.977 1551000
8.977 1552000
8.977 1553000
8.977 1554000
8.977 1555000
8.977 1556000
8.977 1557000
8.977 1558000
8.977 1559000
8.977 1560000
8.977 1561000
8.977 1562000
8.977 1563000
8.977 1564000
8.977 1565000
8.977 1566000
8.977 1567000
9.974 1568000
8.976 1569000
9.973 1570000
8.976 1571000
8.977 1572000
8.977 1573000
8.977 1574000
8.977 1575000
8.977 1576000
8.977 1577000
8.977 1578000
8.977 1579000
8.977 1580000
8.977 1581000
8.977 1582000
9.973 1583000
8.977 1584000
8.978 1585000
8.977 1586000
8.977 1587000
8.978 1588000
8.977 1589000
8.977 1590000
9.973 1591000
8.977 1592000
8.977 1593000
8.977 1594000
8.977 1595000
8.977 1596000
8.977 1597000
8.977 1598000
9.973 1599000
8.977 1600000
8.977 1601000
8.977 1602000
8.977 1603000
8.977 1604000
8.977 1605000
8.977 1606000
9.973 1607000
8.977 1608000
8.977 1609000
8.977 1610000
8.977 1611000
8.977 1612000
8.977 1613000
8.977 1614000
9.973 1615000
8.977 1616000
8.977 1617000
8.977 1618000
8.977 1619000
8.977 1620000
8.977 1621000
8.977 1622000
8.977 1623000
8.977 1624000
8.977 1625000
9.973 1626000
8.977 1627000
8.977 1628000
8.977 1629000
9.974 1630000
9.973 1631000
8.976 1632000
9.974 1633000
8.975 1634000
8.977 1635000
8.977 1636000
9.973 1637000
8.977 1638000
8.977 1639000
8.977 1640000
8.977 1641000
9.973 1642000
9.973 1643000
9.973 1644000
9.973 1645000
9.973 1646000
9.973 1647000
9.973 1648000
9.973 1649000
9.973 1650000
9.973 1651000
10.97 1652000
8.976 1653000
9.974 1654000
9.973 1655000
9.973 1656000
9.973 1657000
9.973 1658000
9.973 1659000
9.973 1660000
10.97 1661000
9.973 1662000
9.973 1663000
9.973 1664000
9.973 1665000
9.973 1666000
9.973 1667000
9.973 1668000
9.973 1669000
9.973 1670000
8.977 1671000
9.974 1672000
9.974 1673000
9.974 1674000
9.974 1675000
9.973 1676000
9.973 1677000
9.973 1678000
9.973 1679000
9.973 1680000
9.973 1681000
10.97 1682000
9.974 1683000
9.973 1684000
9.974 1685000
9.974 1686000
9.973 1687000
9.974 1688000
9.972 1689000
9.973 1690000
9.973 1691000
10.97 1692000
9.974 1693000
9.974 1694000
9.974 1695000
9.973 1696000
10.97 1697000
9.973 1698000
9.973 1699000
9.973 1700000
9.974 1701000
9.973 1702000
9.974 1703000
9.974 1704000
9.974 1705000
9.973 1706000
10.97 1707000
9.973 1708000
10.97 1709000
9.974 1710000
9.974 1711000
9.974 1712000
9.973 1713000
10.97 1714000
9.973 1715000
10.97 1716000
9.974 1717000
9.974 1718000
9.974 1719000
10.97 1720000
9.973 1721000
10.97 1722000
9.974 1723000
9.974 1724000
9.974 1725000
10.97 1726000
9.973 1727000
10.97 1728000
9.974 1729000
9.974 1730000
9.974 1731000
10.97 1732000
9.973 1733000
9.973 1734000
9.973 1735000
9.974 1736000
9.974 1737000
9.974 1738000
9.973 1739000
10.97 1740000
10.97 1741000
9.974 1742000
9.974 1743000
9.974 1744000
10.97 1745000
9.973 1746000
10.97 1747000
10.97 1748000
10.971 1749000
9.973 1750000
10.97 1751000
10.97 1752000
9.974 1753000
9.974 1754000
9.974 1755000
10.97 1756000
9.973 1757000
9.974 1758000
9.974 1759000
9.974 1760000
9.974 1761000
10.97 1762000
9.973 1763000
10.97 1764000
9.974 1765000
9.974 1766000
10.97 1767000
10.97 1768000
10.97 1769000
10.97 1770000
9.974 1771000
10.971 1772000
9.973 1773000
9.973 1774000
9.974 1775000
9.974 1776000
9.974 1777000
10.97 1778000
10.97 1779000
9.974 1780000
9.974 1781000
9.974 1782000
10.97 1783000
10.97 1784000
9.974 1785000
9.974 1786000
9.974 1787000
10.97 1788000
10.97 1789000
10.971 1790000
9.974 1791000
9.973 1792000
10.97 1793000
10.971 1794000
9.974 1795000
10.97 1796000
10.97 1797000
10.971 1798000
10.97 1799000
10.97 1800000
10.97 1801000
10.972 1802000
10.97 1803000
10.97 1804000
10.971 1805000
10.971 1806000
10.97 1807000
10.971 1808000
10.971 1809000
10.97 1810000
10.971 1811000
10.971 1812000
10.97 1813000
10.971 1814000
10.971 1815000
10.97 1816000
10.971 1817000
11.968 1818000
11.968 1819000
10.972 1820000
10.97 1821000
10.97 1822000
10.971 1823000
10.971 1824000
10.97 1825000
10.971 1826000
10.972 1827000
10.97 1828000
11.968 1829000
10.97 1830000
11.968 1831000
10.972 1832000
10.971 1833000
10.97 1834000
10.971 1835000
10.97 1836000
10.969 1837000
10.972 1838000
10.971 1839000
10.97 1840000
10.971 1841000
10.971 1842000
10.97 1843000
10.971 1844000
10.971 1845000
10.97 1846000
10.97 1847000
10.971 1848000
10.97 1849000
10.97 1850000
10.971 1851000
10.971 1852000
10.97 1853000
10.97 1854000
10.971 1855000
10.97 1856000
10.97 1857000
10.971 1858000
10.971 1859000
10.97 1860000
11.968 1861000
10.971 1862000
10.97 1863000
10.971 1864000
10.97 1865000
11.968 1866000
10.971 1867000
10.971 1868000
10.97 1869000
10.971 1870000
10.971 1871000
10.97 1872000
10.971 1873000
10.971 1874000
10.97 1875000
11.968 1876000
10.971 1877000
10.97 1878000
10.971 1879000
10.971 1880000
10.97 1881000
10.971 1882000
11.968 1883000
10.97 1884000
10.971 1885000
10.971 1886000
11.968 1887000
10.971 1888000
11.968 1889000
10.971 1890000
10.971 1891000
11.968 1892000
10.971 1893000
11.968 1894000
10.971 1895000
10.971 1896000
10.97 1897000
10.971 1898000
10.971 1899000
11.968 1900000
10.973 1901000
11.968 1902000
10.972 1903000
10.972 1904000
11.967 1905000
10.971 1906000
11.968 1907000
10.971 1908000
10.971 1909000
11.968 1910000
11.968 1911000
11.968 1912000
10.971 1913000
10.971 1914000
11.968 1915000
10.971 1916000
11.968 1917000
10.971 1918000
10.971 1919000
11.968 1920000
10.971 1921000
11.968 1922000
10.971 1923000
10.971 1924000
11.968 1925000
10.971 1926000
11.968 1927000
10.971 1928000
10.971 1929000
11.967 1930000
10.971 1931000
11.968 1932000
10.972 1933000
10.971 1934000
11.968 1935000
10.971 1936000
11.968 1937000
10.971 1938000
10.971 1939000
11.968 1940000
10.972 1941000
11.967 1942000
10.971 1943000
10.971 1944000
10.97 1945000
10.971 1946000
11.968 1947000
10.971 1948000
10.972 1949000
11.967 1950000
10.971 1951000
10.969 1952000
10.971 1953000
11.969 1954000
10.97 1955000
10.971 1956000
11.967 1957000
11.005 1958000
10.972 1959000
11.965 1960000
11.97 1961000
11.966 1962000
11.97 1963000
12.962 1964000
11.969 1965000
11.967 1966000
11.968 1967000
11.97 1968000
11.989 1969000
11.968 1970000
11.967 1971000
11.967 1972000
12.966 1973000
11.971 1974000
11.963 1975000
11.967 1976000
11.968 1977000
11.972 1978000
11.963 1979000
11.972 1980000
11.963 1981000
11.967 1982000
11.967 1983000
11.972 1984000
11.963 1985000
12.908 1986000
12.001 1987000
11.966 1988000
11.969 1989000
11.991 1990000
11.971 1991000
11.963 1992000
11.971 1993000
11.964 1994000
11.971 1995000
12.969 1996000
11.96 1997000
11.968 1998000
11.973 1999000
11.963 2000000
11.967 2001000
11.968 2002000
11.967 2003000
11.967 2004000
11.968 2005000
11.969 2006000
11.968 2007000
11.969 2008000
11.968 2009000
11.969 2010000
11.968 2011000
11.969 2012000
11.968 2013000
11.982 2014000
12.952 2015000
11.969 2016000
11.968 2017000
11.969 2018000
11.968 2019000
11.969 2020000
11.968 2021000
11.969 2022000
11.968 2023000
11.969 2024000
11.968 2025000
11.969 2026000
11.968 2027000
12.965 2028000
11.968 2029000
11.969 2030000
11.968 2031000
11.969 2032000
11.968 2033000
11.969 2034000
11.968 2035000
11.969 2036000
12.965 2037000
11.969 2038000
11.969 2039000
11.968 2040000
11.969 2041000
11.968 2042000
11.969 2043000
11.968 2044000
11.969 2045000
11.967 2046000
11.969 2047000
11.968 2048000
11.969 2049000
11.968 2050000
11.969 2051000
12.965 2052000
11.969 2053000
12.965 2054000
11.969 2055000
11.969 2056000
11.968 2057000
11.969 2058000
12.965 2059000
11.969 2060000
11.968 2061000
12.965 2062000
12.965 2063000
11.969 2064000
11.969 2065000
11.968 2066000
11.968 2067000
12.965 2068000
11.969 2069000
12.965 2070000
11.969 2071000
12.965 2072000
11.968 2073000
11.969 2074000
12.965 2075000
11.969 2076000
12.965 2077000
11.969 2078000
11.969 2079000
12.965 2080000
11.969 2081000
12.965 2082000
11.969 2083000
11.969 2084000
12.965 2085000
11.969 2086000
12.965 2087000
11.969 2088000
11.97 2089000
12.965 2090000
11.969 2091000
12.965 2092000
12.965 2093000
11.969 2094000
12.965 2095000
11.969 2096000
12.965 2097000
11.968 2098000
11.969 2099000
11.969 2100000
12.965 2101000
11.969 2102000
12.965 2103000
12.965 2104000
11.969 2105000
12.965 2106000
11.969 2107000
12.965 2108000
12.965 2109000
11.969 2110000
12.965 2111000
11.969 2112000
11.969 2113000
12.965 2114000
12.965 2115000
12.965 2116000
11.969 2117000
11.969 2118000
11.968 2119000
12.965 2120000
12.965 2121000
11.969 2122000
11.969 2123000
12.965 2124000
11.969 2125000
11.968 2126000
11.969 2127000
11.969 2128000
11.968 2129000
11.969 2130000
12.965 2131000
12.965 2132000
11.969 2133000
12.965 2134000
11.969 2135000
11.969 2136000
12.965 2137000
11.969 2138000
11.969 2139000
13.962 2140000
12.965 2141000
11.969 2142000
12.965 2143000
13.963 2144000
11.969 2145000
12.965 2146000
12.965 2147000
11.969 2148000
12.965 2149000
12.966 2150000
12.965 2151000
12.965 2152000
11.969 2153000
13.962 2154000
12.965 2155000
12.966 2156000
12.966 2157000
12.966 2158000
12.966 2159000
11.968 2160000
12.965 2161000
12.966 2162000
12.965 2163000
12.966 2164000
12.966 2165000
12.966 2166000
12.965 2167000
12.965 2168000
12.966 2169000
13.025 2170000
12.965 2171000
12.967 2172000
13.96 2173000
12.965 2174000
13.961 2175000
12.966 2176000
12.964 2177000
13.961 2178000
12.966 2179000
12.965 2180000
13.964 2181000
12.963 2182000
12.965 2183000
13.964 2184000
12.963 2185000
12.965 2186000
13.964 2187000
12.964 2188000
13.963 2189000
12.965 2190000
12.964 2191000
13.963 2192000
12.97 2193000
13.961 2194000
12.961 2195000
13.961 2196000
12.965 2197000
12.966 2198000
12.966 2199000
12.966 2200000
12.966 2201000
12.965 2202000
12.967 2203000
12.966 2204000
12.965 2205000
12.964 2206000
12.967 2207000
12.966 2208000
12.966 2209000
12.965 2210000
12.966 2211000
13.962 2212000
12.966 2213000
12.965 2214000
12.966 2215000
12.966 2216000
12.967 2217000
13.962 2218000
12.965 2219000
12.966 2220000
12.966 2221000
13.962 2222000
12.965 2223000
12.966 2224000
12.966 2225000
13.962 2226000
12.965 2227000
12.966 2228000
12.966 2229000
13.962 2230000
12.965 2231000
12.966 2232000
12.966 2233000
12.965 2234000
12.966 2235000
12.966 2236000
12.966 2237000
13.962 2238000
12.965 2239000
12.966 2240000
13.962 2241000
13.962 2242000
12.966 2243000
12.966 2244000
12.966 2245000
12.965 2246000
12.966 2247000
13.964 2248000
12.966 2249000
13.962 2250000
12.966 2251000
12.966 2252000
12.966 2253000
13.962 2254000
13.962 2255000
12.966 2256000
12.966 2257000
12.966 2258000
13.962 2259000
13.962 2260000
12.966 2261000
12.966 2262000
12.966 2263000
13.962 2264000
13.962 2265000
12.966 2266000
13.962 2267000
12.966 2268000
12.965 2269000
12.964 2270000
12.966 2271000
12.966 2272000
12.966 2273000
13.962 2274000
13.962 2275000
12.965 2276000
12.966 2277000
13.962 2278000
13.962 2279000
12.966 2280000
12.966 2281000
12.966 2282000
13.962 2283000
13.962 2284000
13.962 2285000
12.966 2286000
12.966 2287000
12.966 2288000
12.965 2289000
12.966 2290000
13.964 2291000
12.966 2292000
13.962 2293000
12.966 2294000
13.962 2295000
13.962 2296000
13.963 2297000
12.966 2298000
12.966 2299000
12.966 2300000
13.962 2301000
13.963 2302000
13.965 2303000
13.964 2304000
13.963 2305000
13.962 2306000
12.966 2307000
12.966 2308000
14.96 2309000
12.965 2310000
14.96 2311000
12.966 2312000
12.966 2313000
12.966 2314000
13.962 2315000
13.962 2316000
13.962 2317000
13.964 2318000
13.963 2319000
13.963 2320000
13.962 2321000
13.963 2322000
13.963 2323000
13.963 2324000
12.966 2325000
13.963 2326000
13.963 2327000
13.963 2328000
13.963 2329000
13.964 2330000
13.963 2331000
13.963 2332000
13.962 2333000
13.962 2334000
14.96 2335000
14.96 2336000
13.962 2337000
13.963 2338000
12.966 2339000
13.963 2340000
13.963 2341000
13.964 2342000
13.965 2343000
13.964 2344000
13.962 2345000
13.963 2346000
13.963 2347000
13.963 2348000
13.963 2349000
13.963 2350000
13.963 2351000
13.963 2352000
13.963 2353000
13.962 2354000
13.963 2355000
13.962 2356000
13.962 2357000
13.962 2358000
13.963 2359000
13.963 2360000
13.963 2361000
13.963 2362000
13.963 2363000
13.963 2364000
13.963 2365000
13.963 2366000
13.963 2367000
13.964 2368000
13.963 2369000
13.963 2370000
13.962 2371000
13.963 2372000
13.963 2373000
13.963 2374000
13.963 2375000
13.963 2376000
13.963 2377000
14.961 2378000
13.963 2379000
13.963 2380000
13.963 2381000
13.963 2382000
13.964 2383000
13.963 2384000
13.963 2385000
14.96 2386000
13.962 2387000
13.963 2388000
13.963 2389000
13.963 2390000
13.963 2391000
13.963 2392000
13.963 2393000
13.963 2394000
13.963 2395000
13.963 2396000
13.963 2397000
13.964 2398000
13.963 2399000
13.963 2400000
14.96 2401000
14.96 2402000
13.963 2403000
13.963 2404000
13.963 2405000
13.963 2406000
13.963 2407000
13.963 2408000
13.963 2409000
13.963 2410000
13.963 2411000
13.963 2412000
13.963 2413000
13.963 2414000
13.963 2415000
13.963 2416000
13.962 2417000
14.96 2418000
14.96 2419000
14.96 2420000
14.96 2421000
13.962 2422000
13.962 2423000
14.96 2424000
14.96 2425000
14.96 2426000
14.96 2427000
13.962 2428000
13.963 2429000
14.96 2430000
13.962 2431000
13.964 2432000
13.965 2433000
13.964 2434000
13.963 2435000
13.963 2436000
15.958 2437000
13.962 2438000
14.96 2439000
14.96 2440000
14.96 2441000
14.96 2442000
14.96 2443000
14.96 2444000
14.96 2445000
14.959 2446000
13.962 2447000
14.96 2448000
14.96 2449000
13.964 2450000
13.962 2451000
13.962 2452000
13.963 2453000
13.963 2454000
13.963 2455000
14.961 2456000
14.96 2457000
14.96 2458000
14.96 2459000
14.96 2460000
14.96 2461000
14.96 2462000
14.96 2463000
14.96 2464000
14.96 2465000
14.96 2466000
14.959 2467000
14.96 2468000
14.96 2469000
14.96 2470000
14.96 2471000
14.96 2472000
14.96 2473000
14.96 2474000
14.96 2475000
14.96 2476000
14.96 2477000
15.957 2478000
14.96 2479000
14.96 2480000
14.96 2481000
14.96 2482000
13.963 2483000
13.963 2484000
14.96 2485000
14.96 2486000
15.957 2487000
14.962 2488000
14.961 2489000
14.961 2490000
14.96 2491000
14.96 2492000
14.96 2493000
14.96 2494000
14.96 2495000
14.96 2496000
14.96 2497000
14.96 2498000
14.96 2499000
15.957 2500000
13.963 2501000
14.961 2502000
14.961 2503000
14.96 2504000
14.96 2505000
14.96 2506000
14.96 2507000
15.957 2508000
14.96 2509000
14.96 2510000
15.957 2511000
14.961 2512000
14.961 2513000
14.961 2514000
14.96 2515000
15.957 2516000
14.96 2517000
14.96 2518000
14.96 2519000
15.957 2520000
14.961 2521000
14.961 2522000
14.961 2523000
14.96 2524000
14.96 2525000
15.957 2526000
14.96 2527000
14.96 2528000
15.957 2529000
14.961 2530000
14.961 2531000
14.961 2532000
14.96 2533000
14.96 2534000
14.96 2535000
15.957 2536000
14.961 2537000
14.961 2538000
14.961 2539000
15.957 2540000
15.957 2541000
14.961 2542000
14.961 2543000
14.961 2544000
14.96 2545000
14.959 2546000
15.957 2547000
14.961 2548000
14.961 2549000
14.961 2550000
15.957 2551000
14.96 2552000
15.957 2553000
14.961 2554000
14.961 2555000
14.961 2556000
15.957 2557000
14.96 2558000
15.957 2559000
14.961 2560000
14.962 2561000
14.961 2562000
15.957 2563000
14.96 2564000
15.957 2565000
15.02 2566000
15.957 2567000
15.957 2568000
14.959 2569000
15.958 2570000
15.956 2571000
14.961 2572000
15.957 2573000
15.957 2574000
15.957 2575000
15.957 2576000
14.958 2577000
15.958 2578000
15.955 2579000
15.957 2580000
15.957 2581000
15.957 2582000
15.957 2583000
15.957 2584000
14.961 2585000
14.96 2586000
15.957 2587000
15.958 2588000
15.956 2589000
15.957 2590000
14.961 2591000
15.954 2592000
15.957 2593000
15.957 2594000
14.96 2595000
15.957 2596000
15.957 2597000
15.956 2598000
15.957 2599000
15.899 2600000
14.994 2601000
14.958 2602000
15.958 2603000
15.981 2604000
15.958 2605000
15.957 2606000
15.956 2607000
15.957 2608000
15.957 2609000
15.957 2610000
15.957 2611000
15.956 2612000
15.956 2613000
15.957 2614000
15.957 2615000
15.957 2616000
15.957 2617000
15.957 2618000
15.957 2619000
15.957 2620000
15.957 2621000
15.957 2622000
16.955 2623000
15.957 2624000
15.957 2625000
15.957 2626000
15.957 2627000
15.962 2628000
15.952 2629000
15.957 2630000
15.957 2631000
15.957 2632000
15.957 2633000
15.962 2634000
15.952 2635000
16.954 2636000
15.957 2637000
15.958 2638000
15.958 2639000
15.955 2640000
15.958 2641000
15.961 2642000
15.952 2643000
16.954 2644000
15.957 2645000
15.957 2646000
16.955 2647000
15.957 2648000
15.957 2649000
15.961 2650000
16.95 2651000
15.957 2652000
15.956 2653000
15.957 2654000
15.957 2655000
15.957 2656000
15.956 2657000
15.959 2658000
15.955 2659000
15.951 2660000
15.962 2661000
15.952 2662000
16.955 2663000
15.958 2664000
15.957 2665000
15.956 2666000
15.96 2667000
16.951 2668000
15.957 2669000
15.957 2670000
15.957 2671000
15.957 2672000
15.958 2673000
16.954 2674000
15.957 2675000
16.955 2676000
15.957 2677000
16.955 2678000
15.956 2679000
15.957 2680000
15.957 2681000
15.958 2682000
15.955 2683000
16.959 2684000
15.952 2685000
16.956 2686000
15.955 2687000
15.957 2688000
16.955 2689000
16.954 2690000
15.957 2691000
15.958 2692000
15.959 2693000
16.954 2694000
15.958 2695000
15.957 2696000
15.957 2697000
15.959 2698000
15.957 2699000
15.958 2700000
15.958 2701000
15.957 2702000
15.957 2703000
15.958 2704000
15.957 2705000
16.954 2706000
15.958 2707000
15.957 2708000
16.954 2709000
15.958 2710000
15.957 2711000
16.954 2712000
16.955 2713000
15.957 2714000
15.958 2715000
15.958 2716000
16.954 2717000
15.958 2718000
16.954 2719000
15.958 2720000
15.958 2721000
15.957 2722000
15.958 2723000
15.958 2724000
16.954 2725000
15.958 2726000
16.954 2727000
15.958 2728000
15.958 2729000
16.954 2730000
15.958 2731000
15.957 2732000
15.958 2733000
15.958 2734000
16.954 2735000
15.958 2736000
16.954 2737000
15.958 2738000
15.958 2739000
16.954 2740000
15.958 2741000
15.957 2742000
15.958 2743000
15.958 2744000
16.954 2745000
15.958 2746000
16.954 2747000
16.954 2748000
15.958 2749000
16.954 2750000
15.958 2751000
16.954 2752000
15.958 2753000
15.958 2754000
16.954 2755000
15.958 2756000
16.954 2757000
15.958 2758000
15.958 2759000
16.954 2760000
15.958 2761000
16.954 2762000
16.954 2763000
15.957 2764000
15.957 2765000
15.958 2766000
16.955 2767000
15.958 2768000
15.958 2769000
16.954 2770000
15.958 2771000
16.954 2772000
15.958 2773000
15.958 2774000
16.954 2775000
16.954 2776000
16.954 2777000
15.958 2778000
15.958 2779000
15.958 2780000
15.958 2781000
16.954 2782000
15.958 2783000
16.954 2784000
16.955 2785000
16.954 2786000
16.955 2787000
15.957 2788000
15.957 2789000
16.957 2790000
16.956 2791000
15.958 2792000
15.957 2793000
16.954 2794000
16.954 2795000
16.955 2796000
16.954 2797000
16.955 2798000
16.954 2799000
15.957 2800000
16.955 2801000
16.955 2802000
16.954 2803000
15.958 2804000
15.961 2805000
16.955 2806000
16.954 2807000
15.958 2808000
15.958 2809000
17.952 2810000
16.955 2811000
16.954 2812000
16.954 2813000
16.954 2814000
15.958 2815000
16.954 2816000
16.956 2817000
16.954 2818000
16.954 2819000
16.956 2820000
15.958 2821000
15.958 2822000
17.952 2823000
15.958 2824000
17.952 2825000
16.955 2826000
16.955 2827000
16.954 2828000
15.958 2829000
16.955 2830000
16.955 2831000
16.954 2832000
16.955 2833000
16.954 2834000
16.954 2835000
17.952 2836000
16.955 2837000
16.954 2838000
16.955 2839000
16.954 2840000
16.955 2841000
16.954 2842000
16.956 2843000
16.954 2844000
16.955 2845000
16.954 2846000
17.952 2847000
16.955 2848000
16.954 2849000
16.955 2850000
16.954 2851000
16.956 2852000
16.954 2853000
16.955 2854000
16.954 2855000
16.955 2856000
16.954 2857000
16.955 2858000
16.954 2859000
16.955 2860000
16.954 2861000
16.955 2862000
16.956 2863000
16.954 2864000
16.955 2865000
16.954 2866000
17.952 2867000
16.954 2868000
16.956 2869000
16.954 2870000
16.955 2871000
16.955 2872000
17.952 2873000
16.955 2874000
17.952 2875000
16.989 2876000
17.953 2877000
16.954 2878000
17.981 2879000
16.948 2880000
17.952 2881000
17.953 2882000
16.953 2883000
17.952 2884000
17.95 2885000
16.955 2886000
17.953 2887000
16.953 2888000
17.952 2889000
16.953 2890000
16.954 2891000
17.953 2892000
17.95 2893000
17.951 2894000
16.954 2895000
16.953 2896000
17.951 2897000
17.953 2898000
16.953 2899000
17.952 2900000
17.953 2901000
16.952 2902000
17.893 2903000
16.988 2904000
17.952 2905000
17.951 2906000
16.954 2907000
16.988 2908000
18.973 2909000
16.93 2910000
16.956 2911000
16.955 2912000
17.952 2913000
17.951 2914000
17.952 2915000
16.955 2916000
16.955 2917000
17.952 2918000
16.955 2919000
17.952 2920000
16.955 2921000
16.955 2922000
17.952 2923000
16.955 2924000
17.952 2925000
16.955 2926000
16.955 2927000
17.952 2928000
17.952 2929000
16.954 2930000
16.956 2931000
17.954 2932000
18.01 2933000
17.95 2934000
17.955 2935000
17.948 2936000
17.953 2937000
17.95 2938000
17.952 2939000
17.951 2940000
17.953 2941000
17.958 2942000
17.944 2943000
17.952 2944000
17.952 2945000
17.95 2946000
17.952 2947000
17.952 2948000
17.953 2949000
18.012 2950000
17.951 2951000
17.952 2952000
17.952 2953000
17.951 2954000
17.952 2955000
17.951 2956000
17.952 2957000
17.952 2958000
17.951 2959000
17.951 2960000
17.951 2961000
17.952 2962000
17.951 2963000
17.951 2964000
18.95 2965000
17.955 2966000
17.948 2967000
18.95 2968000
17.951 2969000
17.954 2970000
17.95 2971000
17.95 2972000
18.953 2973000
17.948 2974000
17.951 2975000
17.952 2976000
17.956 2977000
17.951 2978000
17.951 2979000
17.951 2980000
17.952 2981000
18.948 2982000
17.952 2983000
17.956 2984000
17.948 2985000
17.951 2986000
17.952 2987000
17.951 2988000
17.956 2989000
17.948 2990000
18.948 2991000
17.951 2992000
17.956 2993000
18.949 2994000
17.948 2995000
17.951 2996000
17.895 2997000
17.988 2998000
17.95 2999000
17.954 3000000
17.972 3001000
17.977 3002000
17.951 3003000
18.954 3004000
17.947 3005000
18.949 3006000
17.951 3007000
17.952 3008000
17.951 3009000
17.956 3010000
18.946 3011000
17.95 3012000
16.956 3013000
17.953 3014000
17.951 3015000
17.953 3016000
17.952 3017000
17.951 3018000
17.953 3019000
17.953 3020000
17.953 3021000
17.952 3022000
18.948 3023000
17.953 3024000
17.954 3025000
17.952 3026000
17.953 3027000
17.953 3028000
18.949 3029000
17.952 3030000
17.953 3031000
17.953 3032000
17.953 3033000
17.953 3034000
17.953 3035000
17.951 3036000
17.953 3037000
17.953 3038000
17.953 3039000
17.952 3040000
18.949 3041000
17.952 3042000
17.953 3043000
18.95 3044000
17.953 3045000
17.952 3046000
17.953 3047000
17.953 3048000
17.953 3049000
17.953 3050000
17.952 3051000
18.949 3052000
17.953 3053000
17.953 3054000
17.953 3055000
17.953 3056000
18.949 3057000
17.951 3058000
17.953 3059000
17.953 3060000
17.953 3061000
17.952 3062000
17.952 3063000
17.954 3064000
17.953 3065000
17.953 3066000
18.949 3067000
17.952 3068000
17.953 3069000
17.953 3070000
17.953 3071000
17.953 3072000
18.949 3073000
17.952 3074000
17.951 3075000
17.953 3076000
18.95 3077000
17.953 3078000
18.949 3079000
18.949 3080000
17.953 3081000
17.953 3082000
17.953 3083000
18.949 3084000
18.949 3085000
17.952 3086000
17.953 3087000
17.953 3088000
17.953 3089000
17.953 3090000
18.949 3091000
18.949 3092000
17.953 3093000
17.953 3094000
18.949 3095000
18.949 3096000
18.949 3097000
17.953 3098000
17.953 3099000
18.949 3100000
18.949 3101000
18.949 3102000
18.95 3103000
17.953 3104000
18.948 3105000
17.953 3106000
17.953 3107000
17.953 3108000
18.949 3109000
18.949 3110000
17.953 3111000
17.953 3112000
17.953 3113000
18.95 3114000
17.952 3115000
18.948 3116000
18.949 3117000
17.953 3118000
17.953 3119000
17.953 3120000
19.946 3121000
17.952 3122000
17.952 3123000
17.953 3124000
17.953 3125000
18.949 3126000
17.952 3127000
18.95 3128000
17.953 3129000
18.95 3130000
18.95 3131000
17.953 3132000
17.953 3133000
18.949 3134000
18.949 3135000
18.949 3136000
18.95 3137000
18.951 3138000
18.949 3139000
18.95 3140000
18.95 3141000
18.951 3142000
18.949 3143000
18.95 3144000
18.95 3145000
17.953 3146000
19.946 3147000
18.949 3148000
18.949 3149000
18.95 3150000
18.95 3151000
18.95 3152000
17.953 3153000
18.95 3154000
18.95 3155000
18.949 3156000
18.95 3157000
18.95 3158000
18.95 3159000
18.949 3160000
18.95 3161000
18.95 3162000
18.95 3163000
19.948 3164000
18.949 3165000
18.949 3166000
21.941 3167000
18.949 3168000
18.949 3169000
19.947 3170000
19.946 3171000
18.949 3172000
19.981 3173000
19.949 3174000
18.914 3175000
19.946 3176000
19.947 3177000
19.979 3178000
18.948 3179000
19.947 3180000
19.913 3181000
19.946 3182000
18.949 3183000
19.949 3184000
19.944 3185000
19.948 3186000
19.946 3187000
19.945 3188000
19.946 3189000
19.947 3190000
21.995 3191000
19.889 3192000
19.981 3193000
19.912 3194000
19.946 3195000
19.947 3196000
19.946 3197000
18.949 3198000
18.948 3199000
19.98 3200000
19.951 3201000
19.942 3202000
19.911 3203000
19.947 3204000
19.946 3205000
19.946 3206000
19.946 3207000
19.947 3208000
19.946 3209000
25.965 3210000
19.944 3211000
19.948 3212000
19.911 3213000
19.945 3214000
19.946 3215000
19.946 3216000
20.943 3217000
19.948 3218000
19.944 3219000
19.946 3220000
19.947 3221000
19.946 3222000
19.945 3223000
19.946 3224000
19.948 3225000
20.006 3226000
19.947 3227000
19.944 3228000
19.946 3229000
19.946 3230000
19.946 3231000
19.946 3232000
19.947 3233000
19.946 3234000
19.946 3235000
19.946 3236000
19.946 3237000
19.946 3238000
19.946 3239000
20.889 3240000
21.939 3241000
21.94 3242000
21.942 3243000
19.944 3244000
19.947 3245000
20.978 3246000
19.957 3247000
19.943 3248000
20.919 3249000
19.979 3250000
25.896 3251000
19.947 3252000
20.943 3253000
21.942 3254000
20.969 3255000
19.954 3256000
20.909 3257000
19.983 3258000
19.94 3259000
20.943 3260000
19.946 3261000
19.98 3262000
23.903 3263000
23.997 3264000
20.883 3265000
24.933 3266000
20.943 3267000
19.946 3268000
21.939 3269000
19.946 3270000
20.943 3271000
19.973 3272000
20.943 3273000
20.944 3274000
20.918 3275000
20.943 3276000
19.98 3277000
23.959 3278000
21.884 3279000
19.946 3280000
19.947 3281000
20.943 3282000
19.979 3283000
19.971 3284000
20.944 3285000
19.946 3286000
20.944 3287000
19.946 3288000
20.943 3289000
19.947 3290000
19.946 3291000
21.937 3292000
19.951 3293000
19.946 3294000
19.946 3295000
20.946 3296000
20.009 3297000
19.944 3298000
19.949 3299000
19.944 3300000
20.941 3301000
20.013 3302000
19.935 3303000
19.008 3304000
19.947 3305000
19.95 3306000
19.943 3307000
19.946 3308000
20.944 3309000
19.945 3310000
19.947 3311000
20.944 3312000
19.947 3313000
19.95 3314000
20.937 3315000
19.981 3316000
19.946 3317000
19.946 3318000
20.945 3319000
19.945 3320000
19.948 3321000
20.001 3322000
20.943 3323000
19.947 3324000
19.946 3325000
20.944 3326000
20.918 3327000
19.948 3328000
20.944 3329000
19.948 3330000
19.944 3331000
19.944 3332000
22.965 3333000
19.944 3334000
20.948 3335000
19.942 3336000
19.95 3337000
20.94 3338000
20.944 3339000
19.946 3340000
19.951 3341000
19.941 3342000
20.944 3343000
19.946 3344000
20.943 3345000
20.885 3346000
19.984 3347000
19.947 3348000
20.907 3349000
19.981 3350000
20.94 3351000
20.911 3352000
21.001 3353000
19.947 3354000
19.946 3355000
20.946 3356000
19.944 3357000
20.943 3358000
20.943 3359000
19.946 3360000
20.885 3361000
19.979 3362000
20.944 3363000
19.914 3364000
19.982 3365000
20.942 3366000
19.974 3367000
20.945 3368000
20.94 3369000
19.944 3370000
19.982 3371000
20.945 3372000
19.944 3373000
20.943 3374000
19.946 3375000
19.945 3376000
19.994 3377000
20.943 3378000
20.944 3379000
19.946 3380000
20.946 3381000
19.945 3382000
19.947 3383000
20.943 3384000
20.94 3385000
19.982 3386000
20.971 3387000
19.943 3388000
20.949 3389000
20.939 3390000
19.946 3391000
20.945 3392000
20.942 3393000
19.95 3394000
20.94 3395000
20.948 3396000
20.939 3397000
20.944 3398000
19.95 3399000
20.94 3400000
20.887 3401000
20.979 3402000
19.948 3403000
19.948 3404000
19.948 3405000
19.947 3406000
19.946 3407000
20.944 3408000
20.944 3409000
19.947 3410000
20.945 3411000
20.944 3412000
19.946 3413000
19.946 3414000
20.944 3415000
19.947 3416000
19.947 3417000
19.948 3418000
20.943 3419000
20.944 3420000
19.948 3421000
19.947 3422000
19.947 3423000
20.944 3424000
20.943 3425000
19.947 3426000
19.947 3427000
19.947 3428000
20.944 3429000
20.944 3430000
19.947 3431000
19.947 3432000
19.948 3433000
20.943 3434000
20.944 3435000
19.947 3436000
19.947 3437000
19.947 3438000
20.944 3439000
20.944 3440000
19.947 3441000
19.948 3442000
19.946 3443000
20.944 3444000
20.946 3445000
19.949 3446000
19.946 3447000
19.945 3448000
20.945 3449000
19.949 3450000
20.944 3451000
19.945 3452000
19.948 3453000
20.945 3454000
20.946 3455000
20.944 3456000
19.948 3457000
19.947 3458000
19.947 3459000
21.941 3460000
19.947 3461000
20.945 3462000
20.943 3463000
20.944 3464000
19.947 3465000
20.945 3466000
20.944 3467000
20.943 3468000
20.945 3469000
20.945 3470000
19.947 3471000
21.941 3472000
19.947 3473000
20.945 3474000
20.944 3475000
19.947 3476000
20.945 3477000
20.944 3478000
20.944 3479000
20.945 3480000
20.945 3481000
21.941 3482000
20.945 3483000
20.944 3484000
20.943 3485000
20.945 3486000
20.945 3487000
20.944 3488000
19.947 3489000
20.945 3490000
20.944 3491000
20.944 3492000
19.948 3493000
21.941 3494000
20.944 3495000
20.944 3496000
20.944 3497000
20.945 3498000
20.945 3499000
21.009 3500000
20.939 3501000
20.944 3502000
21.94 3503000
20.944 3504000
20.942 3505000
21.942 3506000
20.944 3507000
21.94 3508000
20.944 3509000
20.944 3510000
20.94 3511000
20.944 3512000
21.94 3513000
20.944 3514000
21.94 3515000
20.943 3516000
20.947 3517000
21.939 3518000
20.943 3519000
21.941 3520000
21.94 3521000
20.944 3522000
21.943 3523000
21.94 3524000
20.944 3525000
21.94 3526000
21.942 3527000
20.943 3528000
21.94 3529000
20.943 3530000
21.941 3531000
20.943 3532000
21.943 3533000
20.941 3534000
20.943 3535000
21.939 3536000
20.945 3537000
21.94 3538000
21.941 3539000
20.943 3540000
20.943 3541000
20.944 3542000
21.943 3543000
20.941 3544000
21.942 3545000
20.944 3546000
21.94 3547000
21.94 3548000
21.944 3549000
20.94 3550000
20.941 3551000
21.942 3552000
21.94 3553000
21.941 3554000
20.943 3555000
20.943 3556000
21.944 3557000
21.941 3558000
21.936 3559000
20.946 3560000
21.943 3561000
21.939 3562000
21.942 3563000
21.94 3564000
20.944 3565000
21.94 3566000
21.941 3567000
21.943 3568000
21.94 3569000
21.94 3570000
21.941 3571000
20.944 3572000
21.944 3573000
21.94 3574000
21.939 3575000
21.941 3576000
20.944 3577000
20.945 3578000
21.941 3579000
20.945 3580000
20.945 3581000
21.941 3582000
21.942 3583000
21.941 3584000
20.945 3585000
21.941 3586000
20.945 3587000
20.945 3588000
21.941 3589000
20.945 3590000
20.943 3591000
20.945 3592000
20.945 3593000
21.941 3594000
20.945 3595000
21.94 3596000
20.945 3597000
21.941 3598000
20.945 3599000
20.945 3600000
20.944 3601000
20.945 3602000
20.943 3603000
20.944 3604000
20.945 3605000
21.941 3606000
20.945 3607000
20.944 3608000
20.945 3609000
20.945 3610000
21.941 3611000
20.945 3612000
21.941 3613000
20.945 3614000
20.943 3615000
21.942 3616000
20.944 3617000
20.945 3618000
20.945 3619000
21.941 3620000
20.946 3621000
21.94 3622000
21.942 3623000
20.944 3624000
20.945 3625000
21.942 3626000
21.942 3627000
21.941 3628000
21.942 3629000
21.941 3630000
20.945 3631000
20.944 3632000
21.94 3633000
20.978 3634000
21.941 3635000
21.944 3636000
21.963 3637000
22.938 3638000
21.941 3639000
21.945 3640000
21.937 3641000
22.938 3642000
21.941 3643000
21.941 3644000
21.941 3645000
21.941 3646000
21.94 3647000
21.941 3648000
22.939 3649000
21.946 3650000
21.935 3651000
21.941 3652000
21.94 3653000
21.945 3654000
21.937 3655000
22.939 3656000
21.883 3657000
22.996 3658000
21.945 3659000
21.942 3660000
22.933 3661000
21.941 3662000
21.94 3663000
21.941 3664000
22.881 3665000
22.995 3666000
21.941 3667000
22.939 3668000
21.944 3669000
21.937 3670000
22.938 3671000
21.941 3672000
22.938 3673000
21.945 3674000
22.934 3675000
21.941 3676000
22.939 3677000
21.941 3678000
22.938 3679000
21.941 3680000
22.939 3681000
21.94 3682000
22.939 3683000
22.934 3684000
22.002 3685000
22.938 3686000
21.944 3687000
21.938 3688000
22.937 3689000
21.942 3690000
22.937 3691000
21.941 3692000
21.94 3693000
22.939 3694000
22.938 3695000
21.942 3696000
22.937 3697000
22.938 3698000
21.941 3699000
23.935 3700000
22.939 3701000
21.94 3702000
21.941 3703000
22.937 3704000
21.941 3705000
22.938 3706000
22.939 3707000
21.94 3708000
21.942 3709000
22.938 3710000
21.942 3711000
21.942 3712000
21.941 3713000
21.942 3714000
22.938 3715000
21.942 3716000
22.938 3717000
22.938 3718000
21.943 3719000
23.935 3720000
21.943 3721000
21.943 3722000
22.938 3723000
21.942 3724000
22.938 3725000
21.942 3726000
21.942 3727000
21.941 3728000
21.942 3729000
22.938 3730000
21.942 3731000
22.938 3732000
21.942 3733000
21.942 3734000
22.938 3735000
21.941 3736000
22.938 3737000
21.942 3738000
21.941 3739000
21.942 3740000
21.942 3741000
22.938 3742000
22.938 3743000
21.942 3744000
22.938 3745000
21.942 3746000
22.939 3747000
21.941 3748000
22.973 3749000
22.965 3750000
22.937 3751000
22.938 3752000
22.94 3753000
22.937 3754000
22.939 3755000
22.94 3756000
21.94 3757000
21.941 3758000
22.939 3759000
22.939 3760000
22.938 3761000
22.937 3762000
22.94 3763000
22.936 3764000
22.939 3765000
22.937 3766000
22.938 3767000
22.936 3768000
22.94 3769000
22.94 3770000
22.935 3771000
23.936 3772000
22.881 3773000
21.943 3774000
22.97 3775000
22.965 3776000
22.937 3777000
22.938 3778000
22.945 3779000
22.931 3780000
22.939 3781000
22.937 3782000
22.938 3783000
22.94 3784000
22.939 3785000
22.939 3786000
22.877 3787000
22.975 3788000
22.936 3789000
22.943 3790000
23.931 3791000
22.94 3792000
22.938 3793000
22.94 3794000
22.936 3795000
23.96 3796000
22.938 3797000
22.941 3798000
22.935 3799000
22.938 3800000
22.938 3801000
22.939 3802000
23.936 3803000
22.907 3804000
22.97 3805000
23.877 3806000
22.975 3807000
22.958 3808000
23.935 3809000
22.94 3810000
22.937 3811000
22.881 3812000
22.938 3813000
23.992 3814000
22.939 3815000
22.941 3816000
22.941 3817000
22.935 3818000
22.939 3819000
23.935 3820000
22.941 3821000
22.935 3822000
23.936 3823000
22.881 3824000
22.973 3825000
22.966 3826000
22.935 3827000
23.937 3828000
22.937 3829000
23.935 3830000
22.943 3831000
22.935 3832000
22.916 3833000
22.936 3834000
23.935 3835000
22.94 3836000
22.936 3837000
22.967 3838000
23.94 3839000
22.931 3840000
23.936 3841000
22.938 3842000
23.936 3843000
22.943 3844000
23.931 3845000
22.939 3846000
23.936 3847000
22.941 3848000
22.937 3849000
23.934 3850000
23.935 3851000
22.938 3852000
22.942 3853000
23.936 3854000
22.935 3855000
22.937 3856000
22.938 3857000
22.938 3858000
23.936 3859000
22.936 3860000
23.936 3861000
22.939 3862000
23.936 3863000
23.936 3864000
22.94 3865000
23.935 3866000
23.936 3867000
22.935 3868000
23.936 3869000
22.939 3870000
22.938 3871000
23.936 3872000
23.936 3873000
22.938 3874000
23.935 3875000
23.91 3876000
23.961 3877000
23.935 3878000
22.938 3879000
23.935 3880000
23.936 3881000
22.938 3882000
22.938 3883000
22.943 3884000
22.937 3885000
23.936 3886000
23.94 3887000
22.934 3888000
23.936 3889000
23.936 3890000
23.936 3891000
23.936 3892000
22.94 3893000
23.936 3894000
23.935 3895000
23.936 3896000
22.935 3897000
22.935 3898000
23.936 3899000
23.935 3900000
23.878 3901000
23.973 3902000
22.936 3903000
23.902 3904000
23.994 3905000
23.941 3906000
23.93 3907000
23.936 3908000
23.935 3909000
22.94 3910000
22.94 3911000
24.932 3912000
23.935 3913000
23.935 3914000
23.936 3915000
23.935 3916000
22.94 3917000
23.911 3918000
23.935 3919000
23.935 3920000
23.938 3921000
23.933 3922000
22.938 3923000
23.936 3924000
23.936 3925000
23.935 3926000
23.962 3927000
23.936 3928000
23.936 3929000
23.936 3930000
23.936 3931000
23.935 3932000
23.935 3933000
23.936 3934000
23.935 3935000
23.936 3936000
23.936 3937000
23.935 3938000
23.936 3939000
23.935 3940000
23.936 3941000
23.936 3942000
22.94 3943000
23.935 3944000
23.935 3945000
23.936 3946000
22.935 3947000
23.937 3948000
23.935 3949000
23.939 3950000
23.931 3951000
23.936 3952000
24.873 3953000
23.972 3954000
23.936 3955000
23.935 3956000
24.964 3957000
23.93 3958000
23.909 3959000
23.935 3960000
23.939 3961000
23.932 3962000
24.959 3963000
23.936 3964000
23.935 3965000
23.936 3966000
24.933 3967000
23.935 3968000
23.936 3969000
23.936 3970000
23.936 3971000
24.936 3972000
23.936 3973000
24.93 3974000
23.936 3975000
23.935 3976000
23.937 3977000
24.936 3978000
23.935 3979000
24.93 3980000
23.936 3981000
23.935 3982000
24.933 3983000
23.877 3984000
23.97 3985000
24.959 3986000
23.936 3987000
23.936 3988000
23.935 3989000
23.933 3990000
23.995 3991000
23.937 3992000
24.931 3993000
23.936 3994000
23.936 3995000
23.935 3996000
24.933 3997000
23.936 3998000
23.936 3999000
23.936 4000000
24.933 4001000
24.933 4002000
23.935 4003000
24.933 4004000
24.937 4005000
23.936 4006000
23.936 4007000
23.97 4008000
23.963 4009000
23.936 4010000
23.937 4011000
24.932 4012000
23.935 4013000
24.935 4014000
23.936 4015000
24.874 4016000
24.993 4017000
23.935 4018000
24.93 4019000
24.934 4020000
23.935 4021000
24.935 4022000
23.94 4023000
24.926 4024000
23.936 4025000
24.933 4026000
24.935 4027000
24.931 4028000
24.936 4029000
24.931 4030000
23.936 4031000
24.934 4032000
23.936 4033000
24.933 4034000
24.931 4035000
23.937 4036000
24.932 4037000
23.936 4038000
23.935 4039000
24.932 4040000
23.936 4041000
23.936 4042000
24.935 4043000
23.931 4044000
24.933 4045000
24.934 4046000
23.936 4047000
24.932 4048000
24.932 4049000
24.934 4050000
23.935 4051000
24.936 4052000
24.931 4053000
24.931 4054000
24.932 4055000
24.935 4056000
24.934 4057000
24.93 4058000
24.935 4059000
23.935 4060000
24.932 4061000
24.935 4062000
24.931 4063000
24.934 4064000
24.928 4065000
23.97 4066000
24.933 4067000
24.932 4068000
24.936 4069000
23.937 4070000
23.937 4071000
23.937 4072000
23.937 4073000
23.937 4074000
24.932 4075000
23.937 4076000
23.937 4077000
24.934 4078000
23.937 4079000
23.937 4080000
23.937 4081000
24.933 4082000
24.934 4083000
23.937 4084000
23.937 4085000
23.937 4086000
23.937 4087000
23.937 4088000
23.937 4089000
23.937 4090000
23.937 4091000
23.937 4092000
23.937 4093000
23.935 4094000
23.937 4095000
23.936 4096000
24.933 4097000
23.936 4098000
24.933 4099000
24.934 4100000
24.933 4101000
24.933 4102000
24.933 4103000
24.933 4104000
24.933 4105000
24.933 4106000
24.933 4107000
24.933 4108000
23.936 4109000
24.934 4110000
24.933 4111000
23.936 4112000
24.934 4113000
24.933 4114000
24.933 4115000
24.933 4116000
23.936 4117000
24.934 4118000
24.933 4119000
24.933 4120000
24.933 4121000
24.933 4122000
24.933 4123000
24.933 4124000
24.933 4125000
24.933 4126000
24.933 4127000
24.933 4128000
23.935 4129000
24.933 4130000
23.935 4131000
24.933 4132000
24.933 4133000
24.933 4134000
25.933 4135000
23.937 4136000
24.933 4137000
24.933 4138000
24.933 4139000
25.93 4140000
24.933 4141000
24.933 4142000
24.933 4143000
24.933 4144000
24.933 4145000
25.93 4146000
24.934 4147000
24.934 4148000
24.934 4149000
24.933 4150000
25.93 4151000
24.933 4152000
24.933 4153000
24.933 4154000
24.933 4155000
24.933 4156000
24.935 4157000
24.935 4158000
24.934 4159000
24.933 4160000
24.933 4161000
24.933 4162000
24.933 4163000
24.933 4164000
24.933 4165000
24.933 4166000
24.933 4167000
25.93 4168000
24.934 4169000
24.933 4170000
24.934 4171000
24.935 4172000
24.933 4173000
25.93 4174000
24.933 4175000
24.934 4176000
23.937 4177000
24.934 4178000
24.934 4179000
25.93 4180000
24.933 4181000
24.932 4182000
25.93 4183000
24.934 4184000
24.934 4185000
24.933 4186000
24.935 4187000
24.933 4188000
25.93 4189000
24.933 4190000
25.929 4191000
24.935 4192000
24.934 4193000
24.933 4194000
25.93 4195000
24.935 4196000
24.933 4197000
24.933 4198000
25.93 4199000
24.934 4200000
24.934 4201000
24.935 4202000
25.93 4203000
24.933 4204000
25.93 4205000
24.934 4206000
24.934 4207000
24.934 4208000
24.933 4209000
25.93 4210000
24.933 4211000
25.93 4212000
24.934 4213000
24.934 4214000
24.934 4215000
25.93 4216000
25.93 4217000
24.934 4218000
24.933 4219000
24.934 4220000
24.933 4221000
25.93 4222000
25.93 4223000
24.934 4224000
24.934 4225000
24.934 4226000
25.93 4227000
25.93 4228000
24.934 4229000
25.93 4230000
24.934 4231000
25.93 4232000
24.933 4233000
24.933 4234000
24.934 4235000
24.934 4236000
24.934 4237000
25.93 4238000
24.933 4239000
25.93 4240000
24.934 4241000
25.931 4242000
24.933 4243000
25.93 4244000
25.93 4245000
24.934 4246000
25.93 4247000
24.934 4248000
25.93 4249000
25.93 4250000
24.934 4251000
24.934 4252000
25.93 4253000
25.93 4254000
24.934 4255000
25.93 4256000
24.934 4257000
25.93 4258000
25.93 4259000
25.931 4260000
24.934 4261000
25.93 4262000
25.93 4263000
24.934 4264000
24.935 4265000
24.934 4266000
25.93 4267000
25.93 4268000
25.931 4269000
25.93 4270000
25.93 4271000
25.93 4272000
25.931 4273000
25.931 4274000
24.933 4275000
25.93 4276000
24.934 4277000
24.934 4278000
25.93 4279000
25.93 4280000
25.931 4281000
25.931 4282000
25.93 4283000
25.931 4284000
24.934 4285000
24.933 4286000
25.93 4287000
25.93 4288000
24.934 4289000
25.931 4290000
25.93 4291000
25.93 4292000
24.934 4293000
25.931 4294000
26.928 4295000
25.933 4296000
25.93 4297000
25.93 4298000
24.934 4299000
25.932 4300000
25.93 4301000
24.934 4302000
25.931 4303000
25.93 4304000
24.934 4305000
25.93 4306000
26.929 4307000
24.934 4308000
26.928 4309000
25.93 4310000
25.93 4311000
25.93 4312000
25.932 4313000
25.93 4314000
25.93 4315000
25.931 4316000
25.931 4317000
25.93 4318000
24.934 4319000
26.928 4320000
25.93 4321000
25.93 4322000
25.932 4323000
25.933 4324000
25.93 4325000
25.932 4326000
25.931 4327000
25.93 4328000
25.932 4329000
25.933 4330000
25.93 4331000
25.932 4332000
25.931 4333000
25.931 4334000
25.933 4335000
24.934 4336000
25.93 4337000
25.93 4338000
25.93 4339000
25.931 4340000
25.931 4341000
25.93 4342000
25.932 4343000
25.97 4344000
25.952 4345000
26.926 4346000
25.93 4347000
25.93 4348000
26.928 4349000
25.93 4350000
26.929 4351000
26.926 4352000
25.935 4353000
26.925 4354000
25.928 4355000
26.932 4356000
26.923 4357000
26.928 4358000
25.93 4359000
26.928 4360000
25.93 4361000
26.932 4362000
26.924 4363000
25.93 4364000
26.932 4365000
26.923 4366000
26.897 4367000
25.961 4368000
25.929 4369000
26.927 4370000
26.924 4371000
25.934 4372000
26.927 4373000
26.928 4374000
25.93 4375000
26.928 4376000
26.928 4377000
26.928 4378000
25.929 4379000
26.928 4380000
26.928 4381000
26.927 4382000
25.931 4383000
26.926 4384000
26.871 4385000
26.96 4386000
26.927 4387000
26.895 4388000
25.966 4389000
26.952 4390000
26.927 4391000
26.928 4392000
25.93 4393000
26.928 4394000
26.927 4395000
26.93 4396000
26.927 4397000
25.929 4398000
26.93 4399000
26.927 4400000
26.927 4401000
26.927 4402000
25.931 4403000
25.932 4404000
26.928 4405000
25.931 4406000
26.928 4407000
26.927 4408000
26.929 4409000
25.932 4410000
26.929 4411000
25.931 4412000
25.931 4413000
26.928 4414000
26.928 4415000
26.928 4416000
25.932 4417000
25.933 4418000
26.928 4419000
25.932 4420000
26.928 4421000
26.93 4422000
26.928 4423000
25.932 4424000
25.931 4425000
26.928 4426000
25.931 4427000
26.928 4428000
26.962 4429000
26.953 4430000
26.933 4431000
28.893 4432000
27.945 4433000
26.932 4434000
26.926 4435000
26.927 4436000
27.926 4437000
26.928 4438000
26.929 4439000
26.895 4440000
26.964 4441000
27.921 4442000
26.927 4443000
26.928 4444000
26.928 4445000
26.927 4446000
26.927 4447000
26.927 4448000
26.929 4449000
26.927 4450000
26.928 4451000
26.927 4452000
27.869 4453000
27.925 4454000
28.921 4455000
27.925 4456000
26.929 4457000
27.925 4458000
27.925 4459000
27.925 4460000
26.929 4461000
27.925 4462000
26.965 4463000
27.887 4464000
27.925 4465000
27.925 4466000
26.988 4467000
27.866 4468000
27.923 4469000
27.927 4470000
27.923 4471000
27.925 4472000
26.964 4473000
27.89 4474000
27.959 4475000
27.89 4476000
27.925 4477000
27.925 4478000
27.961 4479000
26.892 4480000
26.929 4481000
28.922 4482000
27.925 4483000
26.93 4484000
27.925 4485000
27.925 4486000
28.923 4487000
27.925 4488000
27.958 4489000
27.892 4490000
27.924 4491000
26.928 4492000
26.929 4493000
26.927 4494000
26.928 4495000
27.924 4496000
26.926 4497000
27.925 4498000
27.925 4499000
27.961 4500000
26.951 4501000
27.928 4502000
27.922 4503000
27.924 4504000
27.926 4505000
27.924 4506000
26.928 4507000
27.925 4508000
26.928 4509000
27.927 4510000
26.927 4511000
27.925 4512000
26.926 4513000
26.926 4514000
26.927 4515000
27.926 4516000
27.924 4517000
26.869 4518000
27.988 4519000
27.92 4520000
26.929 4521000
27.923 4522000
27.927 4523000
26.927 4524000
27.923 4525000
27.926 4526000
30.886 4527000
28.951 4528000
27.927 4529000
27.923 4530000
27.927 4531000
27.865 4532000
27.959 4533000
26.928 4534000
27.95 4535000
27.925 4536000
26.927 4537000
26.927 4538000
27.925 4539000
27.925 4540000
28.922 4541000
27.925 4542000
26.927 4543000
27.924 4544000
27.925 4545000
27.925 4546000
27.926 4547000
26.929 4548000
27.866 4549000
26.929 4550000
27.962 4551000
27.921 4552000
27.93 4553000
26.95 4554000
27.924 4555000
26.926 4556000
27.927 4557000
27.922 4558000
27.93 4559000
27.921 4560000
26.927 4561000
28.923 4562000
27.921 4563000
26.988 4564000
27.926 4565000
27.924 4566000
27.925 4567000
27.93 4568000
26.923 4569000
26.929 4570000
26.927 4571000
26.926 4572000
27.925 4573000
27.925 4574000
27.927 4575000
27.899 4576000
27.89 4577000
27.984 4578000
27.925 4579000
27.868 4580000
27.957 4581000
27.95 4582000
27.925 4583000
26.928 4584000
28.922 4585000
27.925 4586000
27.924 4587000
27.93 4588000
27.861 4589000
27.964 4590000
27.923 4591000
27.948 4592000
27.926 4593000
27.924 4594000
27.925 4595000
27.925 4596000
27.925 4597000
27.926 4598000
27.924 4599000
27.924 4600000
27.93 4601000
27.92 4602000
27.925 4603000
27.928 4604000
28.92 4605000
27.925 4606000
27.924 4607000
28.923 4608000
27.925 4609000
27.924 4610000
27.925 4611000
27.898 4612000
28.923 4613000
27.926 4614000
27.923 4615000
27.927 4616000
27.923 4617000
28.922 4618000
27.926 4619000
27.95 4620000
27.925 4621000
27.867 4622000
27.957 4623000
27.926 4624000
27.953 4625000
27.92 4626000
27.926 4627000
27.923 4628000
28.923 4629000
27.925 4630000
27.925 4631000
27.867 4632000
27.96 4633000
27.925 4634000
27.985 4635000
27.924 4636000
27.926 4637000
27.924 4638000
28.922 4639000
27.927 4640000
27.923 4641000
27.927 4642000
28.923 4643000
27.922 4644000
27.928 4645000
27.932 4646000
27.86 4647000
27.928 4648000
27.925 4649000
27.924 4650000
27.925 4651000
28.922 4652000
27.924 4653000
27.927 4654000
26.929 4655000
28.922 4656000
27.926 4657000
26.929 4658000
27.925 4659000
26.929 4660000
27.926 4661000
27.925 4662000
27.926 4663000
27.926 4664000
27.925 4665000
27.926 4666000
27.925 4667000
28.922 4668000
27.925 4669000
27.926 4670000
28.923 4671000
27.926 4672000
27.925 4673000
27.926 4674000
27.926 4675000
27.926 4676000
27.925 4677000
27.925 4678000
27.926 4679000
28.922 4680000
27.925 4681000
27.926 4682000
27.925 4683000
28.922 4684000
27.926 4685000
27.928 4686000
27.926 4687000
27.925 4688000
27.926 4689000
27.926 4690000
27.926 4691000
28.922 4692000
28.922 4693000
27.926 4694000
27.926 4695000
27.926 4696000
28.922 4697000
27.925 4698000
27.926 4699000
27.926 4700000
27.926 4701000
27.926 4702000
28.922 4703000
28.922 4704000
27.925 4705000
27.926 4706000
27.926 4707000
27.925 4708000
28.922 4709000
28.922 4710000
27.925 4711000
27.926 4712000
28.922 4713000
28.923 4714000
27.926 4715000
28.922 4716000
28.923 4717000
27.926 4718000
27.926 4719000
27.926 4720000
28.922 4721000
28.922 4722000
27.926 4723000
28.922 4724000
27.926 4725000
28.922 4726000
28.922 4727000
27.926 4728000
27.926 4729000
28.922 4730000
28.922 4731000
28.922 4732000
27.926 4733000
27.926 4734000
28.923 4735000
27.926 4736000
28.922 4737000
28.922 4738000
28.923 4739000
28.922 4740000
27.926 4741000
27.926 4742000
28.922 4743000
28.922 4744000
27.926 4745000
27.926 4746000
27.926 4747000
27.926 4748000
28.922 4749000
28.922 4750000
27.926 4751000
27.926 4752000
28.923 4753000
27.927 4754000
28.921 4755000
29.92 4756000
27.925 4757000
27.926 4758000
27.926 4759000
28.923 4760000
28.922 4761000
28.922 4762000
27.926 4763000
27.926 4764000
28.922 4765000
28.923 4766000
27.927 4767000
27.927 4768000
28.922 4769000
28.922 4770000
28.922 4771000
28.924 4772000
28.923 4773000
27.926 4774000
28.922 4775000
28.923 4776000
28.923 4777000
28.924 4778000
27.927 4779000
27.926 4780000
28.923 4781000
28.922 4782000
28.922 4783000
27.926 4784000
28.923 4785000
28.923 4786000
28.923 4787000
28.923 4788000
28.923 4789000
28.925 4790000
27.926 4791000
28.923 4792000
27.926 4793000
28.922 4794000
28.922 4795000
27.926 4796000
28.923 4797000
28.923 4798000
28.923 4799000
27.926 4800000
27.926 4801000
28.922 4802000
27.924 4803000
28.922 4804000
27.926 4805000
28.923 4806000
28.923 4807000
28.924 4808000
28.923 4809000
28.922 4810000
27.926 4811000
28.922 4812000
28.922 4813000
28.923 4814000
28.923 4815000
28.922 4816000
28.924 4817000
28.925 4818000
28.924 4819000
28.956 4820000
28.951 4821000
29.917 4822000
28.922 4823000
29.917 4824000
28.982 4825000
29.919 4826000
28.926 4827000
29.916 4828000
28.922 4829000
29.919 4830000
28.928 4831000
28.917 4832000
28.922 4833000
29.919 4834000
28.923 4835000
28.922 4836000
29.922 4837000
28.925 4838000
29.915 4839000
28.924 4840000
28.918 4841000
28.922 4842000
29.923 4843000
28.918 4844000
28.922 4845000
29.919 4846000
29.919 4847000
28.922 4848000
29.925 4849000
28.917 4850000
29.919 4851000
28.922 4852000
28.926 4853000
28.919 4854000
29.922 4855000
28.923 4856000
29.859 4857000
28.957 4858000
28.957 4859000
29.921 4860000
28.924 4861000
28.922 4862000
29.92 4863000
29.92 4864000
28.922 4865000
30.917 4866000
28.922 4867000
29.92 4868000
28.923 4869000
28.925 4870000
28.924 4871000
29.92 4872000
28.923 4873000
28.923 4874000
28.923 4875000
28.923 4876000
28.923 4877000
28.923 4878000
28.923 4879000
28.923 4880000
29.92 4881000
28.923 4882000
28.924 4883000
28.925 4884000
28.924 4885000
28.923 4886000
28.924 4887000
28.925 4888000
28.924 4889000
30.917 4890000
28.922 4891000
30.918 4892000
29.92 4893000
29.92 4894000
29.919 4895000
29.92 4896000
29.92 4897000
29.92 4898000
28.922 4899000
29.92 4900000
29.92 4901000
29.92 4902000
29.919 4903000
29.92 4904000
29.92 4905000
28.922 4906000
28.924 4907000
28.923 4908000
29.921 4909000
29.919 4910000
28.922 4911000
29.92 4912000
28.923 4913000
28.923 4914000
28.923 4915000
28.923 4916000
29.921 4917000
28.922 4918000
29.921 4919000
28.922 4920000
28.923 4921000
29.921 4922000
28.922 4923000
29.92 4924000
28.922 4925000
28.923 4926000
28.923 4927000
28.92 4928000
28.925 4929000
28.924 4930000
28.923 4931000
28.924 4932000
28.923 4933000
28.923 4934000
30.917 4935000
29.921 4936000
29.922 4937000
29.92 4938000
29.92 4939000
29.92 4940000
29.919 4941000
29.919 4942000
29.921 4943000
29.92 4944000
29.919 4945000
29.92 4946000
29.92 4947000
29.92 4948000
29.92 4949000
29.919 4950000
29.921 4951000
29.92 4952000
29.919 4953000
29.921 4954000
30.917 4955000
29.919 4956000
28.924 4957000
29.92 4958000
29.921 4959000
29.921 4960000
29.92 4961000
29.92 4962000
30.917 4963000
29.92 4964000
28.922 4965000
29.92 4966000
29.919 4967000
29.92 4968000
29.92 4969000
29.919 4970000
29.919 4971000
29.957 4972000
29.942 4973000
30.919 4974000
29.859 4975000
29.954 4976000
29.922 4977000
30.919 4978000
29.941 4979000
30.917 4980000
29.919 4981000
29.919 4982000
30.917 4983000
30.918 4984000
29.918 4985000
30.92 4986000
29.918 4987000
30.916 4988000
29.921 4989000
30.915 4990000
29.897 4991000
29.981 4992000
29.918 4993000
30.916 4994000
30.918 4995000
29.92 4996000
29.919 4997000
29.919 4998000
29.918 4999000
30.918 5000000
