1498 12117 4999000
1471 12135 4998000
1483 12081 4997000
1471 12108 4996000
1470 12087 4995000
1463 12370 4994000
1513 12676 4993000
1487 12151 4992000
1460 12093 4991000
1463 12093 4990000
1481 12114 4989000
1460 12093 4988000
1463 12091 4987000
1474 12062 4986000
1471 12094 4985000
1469 12047 4984000
1473 12093 4983000
1468 12326 4982000
1543 12195 4981000
1495 12071 4980000
1474 12037 4979000
1479 12063 4978000
1482 12055 4977000
1473 12071 4976000
1457 12039 4975000
1454 12075 4974000
1455 12049 4973000
1456 12096 4972000
1456 12034 4971000
1469 12039 4970000
1485 12016 4969000
1464 12030 4968000
1472 12050 4967000
1495 12029 4966000
1473 12070 4965000
1467 11992 4964000
1475 12040 4963000
1469 11992 4962000
1472 12017 4961000
1469 11990 4960000
1468 12077 4959000
1485 12059 4958000
1469 11989 4957000
1470 12027 4956000
1468 11974 4955000
1469 12035 4954000
1469 11979 4953000
1467 12006 4952000
1467 11967 4951000
1462 11974 4950000
1482 11961 4949000
1464 11966 4948000
1458 12010 4947000
1463 11966 4946000
1451 12017 4945000
1446 11951 4944000
1448 11993 4943000
1451 11960 4942000
1454 12015 4941000
1463 11965 4940000
1466 11964 4939000
1444 12005 4938000
1447 11969 4937000
1460 12014 4936000
1448 11964 4935000
1455 11975 4934000
1444 12006 4933000
1447 11964 4932000
1445 11919 4931000
1441 11914 4930000
1465 11947 4929000
1465 11925 4928000
1452 11950 4927000
1442 11914 4926000
1454 11950 4925000
1439 11930 4924000
1446 11963 4923000
1448 11912 4922000
1437 11914 4921000
1455 11930 4920000
1448 11916 4919000
1436 11939 4918000
1454 11875 4917000
1454 11917 4916000
1455 11881 4915000
1462 11949 4914000
1453 11872 4913000
1453 11883 4912000
1457 11875 4911000
1443 11857 4910000
1443 12005 4909000
1446 11879 4908000
1453 11899 4907000
1440 11866 4906000
1455 11901 4905000
1451 11844 4904000
1449 11851 4903000
1462 11854 4902000
1447 11854 4901000
1447 11895 4900000
1450 11827 4899000
1449 11872 4898000
1448 11828 4897000
1446 11878 4896000
1446 11813 4895000
1445 11824 4894000
1455 11839 4893000
1447 11824 4892000
1447 11902 4891000
1449 11811 4890000
1445 11846 4889000
1446 11806 4888000
1443 11848 4887000
1451 11801 4886000
1444 11800 4885000
1446 11837 4884000
1442 11792 4883000
1442 11840 4882000
1444 11789 4881000
1442 11827 4880000
1443 11796 4879000
1439 11823 4878000
1445 11777 4877000
1441 11776 4876000
1439 11815 4875000
1440 11767 4874000
1439 11813 4873000
1441 11770 4872000
1444 11797 4871000
1441 11772 4870000
1432 11860 4869000
1449 11783 4868000
1429 11783 4867000
1426 11822 4866000
1426 11772 4865000
1423 11805 4864000
1434 11759 4863000
1419 11785 4862000
1425 11741 4861000
1422 11745 4860000
1457 11753 4859000
1438 11734 4858000
1436 11778 4857000
1432 11725 4856000
1437 11773 4855000
1434 11715 4854000
1436 11776 4853000
1443 11766 4852000
1431 11740 4851000
1417 11772 4850000
1427 11725 4849000
1417 11748 4848000
1425 11724 4847000
1420 11819 4846000
1417 11728 4845000
1424 11716 4844000
1490 11708 4843000
1424 11694 4842000
1435 11746 4841000
1444 11694 4840000
1422 11732 4839000
1427 11685 4838000
1424 11735 4837000
1433 11730 4836000
1440 11723 4835000
1431 11710 4834000
1420 11691 4833000
1424 11726 4832000
1418 11694 4831000
1411 11727 4830000
1418 11697 4829000
1419 11712 4828000
1437 11688 4827000
1420 11684 4826000
1412 11704 4825000
1417 11732 4824000
1416 11763 4823000
1407 11666 4822000
1423 11695 4821000
1425 11649 4820000
1425 11659 4819000
1425 11713 4818000
1424 11642 4817000
1421 11682 4816000
1423 11634 4815000
1421 11691 4814000
1422 11622 4813000
1420 11642 4812000
1437 11637 4811000
1418 11625 4810000
1420 11662 4809000
1420 11611 4808000
1421 11641 4807000
1422 11606 4806000
1420 11652 4805000
1423 11604 4804000
1418 11605 4803000
1415 11654 4802000
1419 11597 4801000
1419 11627 4800000
1419 11584 4799000
1417 11632 4798000
1416 11616 4797000
1442 11585 4796000
1422 11617 4795000
1410 11616 4794000
1408 11628 4793000
1413 11584 4792000
1408 11627 4791000
1408 11571 4790000
1408 11581 4789000
1461 11566 4788000
1405 11570 4787000
1412 11600 4786000
1413 11554 4785000
1405 11598 4784000
1404 11589 4783000
1407 11587 4782000
1453 11552 4781000
1403 11550 4780000
1408 11603 4779000
1405 11609 4778000
1412 11606 4777000
1414 11548 4776000
1411 11582 4775000
1409 11526 4774000
1409 11610 4773000
1409 11590 4772000
1411 11534 4771000
1410 11589 4770000
1409 11521 4769000
1406 11581 4768000
1412 11522 4767000
1405 11516 4766000
1403 11559 4765000
1410 11522 4764000
1407 11561 4763000
1392 11529 4762000
1394 11565 4761000
1388 11514 4760000
1393 11538 4759000
1411 11543 4758000
1386 11501 4757000
1389 11565 4756000
1395 11527 4755000
1425 11574 4754000
1407 11500 4753000
1397 11481 4752000
1447 11523 4751000
1393 11482 4750000
1407 11545 4749000
1403 11472 4748000
1402 11511 4747000
1403 11457 4746000
1403 11495 4745000
1424 11468 4744000
1400 11466 4743000
1396 11509 4742000
1399 11465 4741000
1407 11505 4740000
1398 11457 4739000
1397 11462 4738000
1413 11554 4737000
1397 11452 4736000
1397 11486 4735000
1400 11438 4734000
1400 11480 4733000
1400 11442 4732000
1405 11526 4731000
1433 11502 4730000
1408 11440 4729000
1393 11479 4728000
1392 11432 4727000
1391 11481 4726000
1386 11424 4725000
1394 11426 4724000
1414 11422 4723000
1392 11446 4722000
1390 11869 4721000
1436 11657 4720000
1386 11469 4719000
1384 11403 4718000
1384 11439 4717000
1406 11412 4716000
1389 11419 4715000
1376 11437 4714000
1372 11471 4713000
1393 11808 4712000
1475 13924 4711000
1432 11431 4710000
1384 11422 4709000
1380 11401 4708000
1487 11430 4707000
1384 11386 4706000
1388 11405 4705000
1388 11377 4704000
1370 11415 4703000
1374 11374 4702000
1384 11358 4701000
1396 11387 4700000
1385 11372 4699000
1387 11401 4698000
1385 11365 4697000
1377 11384 4696000
1382 11357 4695000
1378 11354 4694000
1381 11388 4693000
1383 11345 4692000
1383 11386 4691000
1386 11369 4690000
1404 11422 4689000
1402 11382 4688000
1394 11382 4687000
1406 11387 4686000
1377 11390 4685000
1381 11597 4684000
1380 11323 4683000
1370 11368 4682000
1373 11326 4681000
1380 11318 4680000
1373 11392 4679000
1378 11314 4678000
1376 11345 4677000
1372 11302 4676000
1382 11329 4675000
1412 11297 4674000
1379 11290 4673000
1379 11326 4672000
1378 11293 4671000
1378 11338 4670000
1374 11294 4669000
1367 11292 4668000
1390 11292 4667000
1367 11298 4666000
1364 11319 4665000
1381 11295 4664000
1369 11308 4663000
1363 11289 4662000
1367 11276 4661000
1368 11338 4660000
1367 11257 4659000
1366 11279 4658000
1375 11259 4657000
1371 11285 4656000
1378 11246 4655000
1372 11231 4654000
1364 11306 4653000
1365 11253 4652000
1366 11274 4651000
1368 11242 4650000
1368 11228 4649000
1382 11250 4648000
1363 11235 4647000
1365 11262 4646000
1363 11220 4645000
1366 11257 4644000
1369 11235 4643000
1382 11263 4642000
1392 11303 4641000
1388 11232 4640000
1360 11242 4639000
1372 11216 4638000
1404 11310 4637000
1493 11202 4636000
1368 11193 4635000
1369 11214 4634000
1390 11210 4633000
1364 11239 4632000
1361 11184 4631000
1359 11195 4630000
1377 11202 4629000
1376 11234 4628000
1390 11253 4627000
1353 11186 4626000
1350 11224 4625000
1346 11181 4624000
1358 11187 4623000
1350 11210 4622000
1348 11212 4621000
1391 11229 4620000
1387 11201 4619000
1382 11212 4618000
1391 11198 4617000
1361 11161 4616000
1363 11195 4615000
1363 11160 4614000
1364 11240 4613000
1362 11165 4612000
1356 11150 4611000
1353 11197 4610000
1358 11150 4609000
1360 11199 4608000
1352 11137 4607000
1353 11156 4606000
1385 11144 4605000
1348 11142 4604000
1345 11292 4603000
1379 11178 4602000
1382 11208 4601000
1351 11126 4600000
1353 11190 4599000
1354 11161 4598000
1375 11107 4597000
1357 11161 4596000
1359 11105 4595000
1351 11119 4594000
1377 11106 4593000
1352 11106 4592000
1354 11135 4591000
1348 11166 4590000
1353 11163 4589000
1347 11087 4588000
1354 11084 4587000
1349 11143 4586000
1351 11083 4585000
1335 11136 4584000
1337 11088 4583000
1340 11092 4582000
1389 11074 4581000
1351 11066 4580000
1344 11105 4579000
1345 11066 4578000
1343 11093 4577000
1344 11061 4576000
1341 11053 4575000
1347 11092 4574000
1342 11050 4573000
1342 11113 4572000
1340 11034 4571000
1344 11055 4570000
1367 11057 4569000
1351 11059 4568000
1344 11091 4567000
1341 11040 4566000
1342 11074 4565000
1452 11065 4564000
1354 11066 4563000
1338 11083 4562000
1330 11039 4561000
1353 11078 4560000
1337 11043 4559000
1340 11025 4558000
1335 11067 4557000
1326 11019 4556000
1329 11060 4555000
1329 11028 4554000
1340 11034 4553000
1361 11008 4552000
1334 11024 4551000
1337 11044 4550000
1334 10998 4549000
1335 11051 4548000
1336 10986 4547000
1342 10992 4546000
1343 11052 4545000
1340 10996 4544000
1345 11012 4543000
1341 10982 4542000
1344 11047 4541000
1349 11084 4540000
1340 10985 4539000
1341 11008 4538000
1336 10974 4537000
1340 10989 4536000
1371 10984 4535000
1341 10968 4534000
1339 11002 4533000
1339 10955 4532000
1340 11003 4531000
1336 10955 4530000
1338 10949 4529000
1336 10990 4528000
1337 10951 4527000
1337 10991 4526000
1336 10952 4525000
1336 10930 4524000
1328 10973 4523000
1330 10974 4522000
1350 11014 4521000
1327 10923 4520000
1324 10930 4519000
1350 10950 4518000
1326 10936 4517000
1331 10972 4516000
1325 10911 4515000
1329 10935 4514000
1343 10914 4513000
1327 10925 4512000
1326 10959 4511000
1335 10906 4510000
1324 10936 4509000
1331 10906 4508000
1330 10894 4507000
1324 10952 4506000
1323 10887 4505000
1321 10945 4504000
1329 10883 4503000
1323 10891 4502000
1326 10942 4501000
1315 10892 4500000
1322 10929 4499000
1327 10881 4498000
1331 10873 4497000
1335 10903 4496000
1323 10871 4495000
1324 10896 4494000
1326 10867 4493000
1342 10920 4492000
1350 10927 4491000
1319 10855 4490000
1319 10890 4489000
1317 10852 4488000
1316 10896 4487000
1325 10850 4486000
1315 10843 4485000
1331 10907 4484000
1316 10858 4483000
1318 10916 4482000
1322 10850 4481000
1323 10842 4480000
1322 10870 4479000
1322 10826 4478000
1323 10873 4477000
1322 10816 4476000
1319 10809 4475000
1330 10853 4474000
1320 10822 4473000
1322 10857 4472000
1321 10810 4471000
1319 10812 4470000
1318 10840 4469000
1320 10808 4468000
1320 10913 4467000
1318 10815 4466000
1320 10790 4465000
1323 10825 4464000
1322 10830 4463000
1327 10889 4462000
1328 10817 4461000
1312 10780 4460000
1369 10798 4459000
1307 10788 4458000
1316 10818 4457000
1306 10784 4456000
1316 10785 4455000
1335 10779 4454000
1306 10757 4453000
1308 10834 4452000
1299 10768 4451000
1297 10784 4450000
1351 10763 4449000
1313 10756 4448000
1299 10806 4447000
1309 10745 4446000
1295 10778 4445000
1319 10741 4444000
1300 10828 4443000
1314 10778 4442000
1314 10723 4441000
1310 10755 4440000
1311 10719 4439000
1308 10733 4438000
1314 10766 4437000
1309 10717 4436000
1309 10765 4435000
1328 10750 4434000
1320 10720 4433000
1302 11118 4432000
1335 11060 4431000
1305 10760 4430000
1299 10705 4429000
1297 10699 4428000
1302 10751 4427000
1302 10696 4426000
1309 10731 4425000
1301 10703 4424000
1305 10709 4423000
1301 10746 4422000
1298 10698 4421000
1302 10754 4420000
1300 10720 4419000
1309 10702 4418000
1295 10763 4417000
1295 10685 4416000
1299 10708 4415000
1297 10681 4414000
1298 10683 4413000
1297 10700 4412000
1305 10667 4411000
1298 10691 4410000
1292 10660 4409000
1293 10670 4408000
1293 10691 4407000
1299 10661 4406000
1305 10692 4405000
1298 10655 4404000
1295 10664 4403000
1297 10694 4402000
1295 10635 4401000
1292 10667 4400000
1319 10675 4399000
1314 10648 4398000
1300 10685 4397000
1293 10615 4396000
1298 10660 4395000
1299 10616 4394000
1291 10673 4393000
1297 10731 4392000
1294 10626 4391000
1294 10652 4390000
1291 10613 4389000
1299 10611 4388000
1287 10656 4387000
1292 10606 4386000
1286 10657 4385000
1298 10594 4384000
1287 10589 4383000
1289 10655 4382000
1289 10606 4381000
1286 10615 4380000
1288 10580 4379000
1288 10591 4378000
1285 10627 4377000
1283 10575 4376000
1291 10584 4375000
1313 10579 4374000
1283 10595 4373000
1284 10613 4372000
1285 10568 4371000
1286 10587 4370000
1306 10571 4369000
1273 10578 4368000
1279 10622 4367000
1282 10556 4366000
1287 10566 4365000
1320 10576 4364000
1281 10555 4363000
1277 10634 4362000
1273 10558 4361000
1278 10559 4360000
1280 10582 4359000
1271 10538 4358000
1274 10581 4357000
1274 10529 4356000
1285 10529 4355000
1271 10574 4354000
1282 10534 4353000
1272 10582 4352000
1270 10545 4351000
1277 10529 4350000
1269 10563 4349000
1282 10525 4348000
1278 10559 4347000
1277 10510 4346000
1283 10505 4345000
1282 10542 4344000
1281 10531 4343000
1284 10538 4342000
1283 10571 4341000
1285 10492 4340000
1279 10526 4339000
1281 10498 4338000
1281 10503 4337000
1293 10485 4336000
1279 10475 4335000
1280 10510 4334000
1285 10471 4333000
1280 10470 4332000
1300 10484 4331000
1281 10469 4330000
1278 10503 4329000
1281 10456 4328000
1277 10456 4327000
1278 10497 4326000
1277 10453 4325000
1279 10507 4324000
1276 10447 4323000
1270 10460 4322000
1285 10505 4321000
1262 10459 4320000
1259 10489 4319000
1266 10438 4318000
1268 10444 4317000
1269 10556 4316000
1271 10446 4315000
1270 10478 4314000
1286 10426 4313000
1266 10417 4312000
1266 10486 4311000
1267 10418 4310000
1265 10422 4309000
1284 10437 4308000
1270 10405 4307000
1264 10449 4306000
1263 10410 4305000
1273 10403 4304000
1269 10449 4303000
1268 10400 4302000
1261 10450 4301000
1289 10439 4300000
1279 10428 4299000
1292 10454 4298000
1284 10428 4297000
1287 10469 4296000
1289 10418 4295000
1285 10424 4294000
1281 10440 4293000
1282 10422 4292000
1304 10476 4291000
1281 10407 4290000
1289 10373 4289000
1268 10392 4288000
1256 10363 4287000
1258 10366 4286000
1262 10393 4285000
1266 10358 4284000
1254 10386 4283000
1256 10347 4282000
1254 10347 4281000
1256 10412 4280000
1261 10358 4279000
1252 10379 4278000
1263 10334 4277000
1262 10348 4276000
1261 10374 4275000
1261 10330 4274000
1261 10342 4273000
1277 10343 4272000
1263 10327 4271000
1261 10372 4270000
1267 10319 4269000
1261 10324 4268000
1259 10354 4267000
1260 10309 4266000
1256 10360 4265000
1259 10342 4264000
1258 10309 4263000
1256 10340 4262000
1255 10328 4261000
1273 10340 4260000
1270 10325 4259000
1241 10308 4258000
1247 10338 4257000
1245 10314 4256000
1241 10300 4255000
1243 10326 4254000
1251 10294 4253000
1240 10344 4252000
1248 10300 4251000
1237 10296 4250000
1247 10348 4249000
1250 10280 4248000
1246 10302 4247000
1303 10284 4246000
1257 10282 4245000
1242 10313 4244000
1246 10262 4243000
1233 10277 4242000
1235 10311 4241000
1234 10360 4240000
1248 10397 4239000
1236 10265 4238000
1241 10266 4237000
1234 10285 4236000
1237 10271 4235000
1251 10270 4234000
1267 10250 4233000
1248 10227 4232000
1248 10276 4231000
1247 10223 4230000
1245 10249 4229000
1249 10269 4228000
1246 10232 4227000
1246 10264 4226000
1245 10238 4225000
1258 10252 4224000
1266 10277 4223000
1263 10255 4222000
1249 10215 4221000
1254 10212 4220000
1234 10242 4219000
1267 10277 4218000
1262 10227 4217000
1235 10198 4216000
1235 10244 4215000
1236 10191 4214000
1238 10248 4213000
1235 10185 4212000
1225 10198 4211000
1227 10235 4210000
1225 10189 4209000
1240 10184 4208000
1250 10234 4207000
1238 10185 4206000
1234 10221 4205000
1233 10186 4204000
1227 10175 4203000
1230 10210 4202000
1225 10179 4201000
1225 10191 4200000
1265 10175 4199000
1228 10161 4198000
1226 10203 4197000
1221 10160 4196000
1229 10145 4195000
1239 10206 4194000
1229 10145 4193000
1232 10188 4192000
1228 10144 4191000
1229 10131 4190000
1231 10159 4189000
1227 10126 4188000
1244 10209 4187000
1239 10202 4186000
1226 10127 4185000
1236 10161 4184000
1224 10116 4183000
1225 10117 4182000
1225 10160 4181000
1226 10123 4180000
1226 10159 4179000
1273 10129 4178000
1226 10122 4177000
1225 10128 4176000
1234 10098 4175000
1231 10092 4174000
1224 10131 4173000
1221 10108 4172000
1228 10113 4171000
1247 10092 4170000
1223 10088 4169000
1227 10114 4168000
1224 10083 4167000
1222 10071 4166000
1221 10122 4165000
1220 10074 4164000
1210 10123 4163000
1236 10090 4162000
1220 10080 4161000
1229 10163 4160000
1221 10068 4159000
1226 10058 4158000
1217 10102 4157000
1218 10058 4156000
1225 10118 4155000
1228 10045 4154000
1220 10037 4153000
1217 10079 4152000
1217 10043 4151000
1224 10031 4150000
1225 10079 4149000
1222 10033 4148000
1223 10064 4147000
1223 10018 4146000
1220 10026 4145000
1219 10081 4144000
1217 10012 4143000
1213 10005 4142000
1213 10054 4141000
1210 10013 4140000
1218 10061 4139000
1212 10007 4138000
1215 10005 4137000
1211 10016 4136000
1210 9995 4135000
1219 10045 4134000
1217 10039 4133000
1212 9992 4132000
1214 10014 4131000
1212 9974 4130000
1211 9982 4129000
1211 10022 4128000
1214 9975 4127000
1219 9969 4126000
1207 10010 4125000
1206 9967 4124000
1208 10057 4123000
1324 10349 4122000
1242 10112 4121000
1214 10012 4120000
1209 9963 4119000
1209 9956 4118000
1220 10021 4117000
1215 9949 4116000
1206 9989 4115000
1206 9946 4114000
1208 9940 4113000
1205 10003 4112000
1205 9930 4111000
1209 9939 4110000
1206 9965 4109000
1208 9967 4108000
1203 9954 4107000
1225 9982 4106000
1211 9927 4105000
1210 9945 4104000
1210 9918 4103000
1208 9928 4102000
1210 9950 4101000
1208 9917 4100000
1213 9922 4099000
1235 9916 4098000
1206 9910 4097000
1212 9949 4096000
1209 9894 4095000
1211 9902 4094000
1206 9922 4093000
1205 9893 4092000
1207 9896 4091000
1222 9939 4090000
1195 9911 4089000
1199 9935 4088000
1199 9880 4087000
1197 9899 4086000
1199 9942 4085000
1191 9892 4084000
1197 9895 4083000
1194 9916 4082000
1187 9952 4081000
1198 9961 4080000
1229 9883 4079000
1200 9879 4078000
1199 9923 4077000
1204 9876 4076000
1195 9967 4075000
1207 9980 4074000
1201 9859 4073000
1193 9868 4072000
1214 9857 4071000
1186 9845 4070000
1188 9872 4069000
1190 9854 4068000
1194 9852 4067000
1193 9871 4066000
1189 9845 4065000
1196 9840 4064000
1187 9872 4063000
1183 9839 4062000
1189 9858 4061000
1196 9806 4060000
1189 9821 4059000
1201 9856 4058000
1188 9806 4057000
1191 9810 4056000
1196 9833 4055000
1190 9810 4054000
1186 9815 4053000
1210 9806 4052000
1187 9797 4051000
1198 9824 4050000
1189 9777 4049000
1191 9830 4048000
1192 9837 4047000
1185 9823 4046000
1206 9817 4045000
1194 9820 4044000
1184 9784 4043000
1191 9817 4042000
1201 9783 4041000
1189 9765 4040000
1185 9805 4039000
1184 9778 4038000
1195 9797 4037000
1212 9832 4036000
1178 9757 4035000
1183 9756 4034000
1185 9797 4033000
1189 9766 4032000
1183 9821 4031000
1187 9780 4030000
1187 9760 4029000
1173 9797 4028000
1177 9769 4027000
1198 9880 4026000
1196 9817 4025000
1200 9799 4024000
1198 9770 4023000
1195 9767 4022000
1198 9766 4021000
1194 9797 4020000
1191 9755 4019000
1188 9756 4018000
1204 9774 4017000
1198 9726 4016000
1184 9717 4015000
1184 9764 4014000
1183 9710 4013000
1183 9716 4012000
1212 9707 4011000
1187 9736 4010000
1168 9757 4009000
1175 9700 4008000
1181 9709 4007000
1176 9750 4006000
1181 9707 4005000
1170 9700 4004000
1172 9741 4003000
1173 9698 4002000
1175 9688 4001000
1195 9696 4000000
1177 9717 3999000
1183 9797 3998000
1195 9708 3997000
1174 9697 3996000
1170 9696 3995000
1169 9667 3994000
1177 9662 3993000
1177 9722 3992000
1171 9647 3991000
1176 9661 3990000
1188 9670 3989000
1169 9648 3988000
1168 9700 3987000
1160 9659 3986000
1160 9658 3985000
1176 9706 3984000
1170 9652 3983000
1162 9654 3982000
1170 9677 3981000
1166 9621 3980000
1171 9611 3979000
1173 9645 3978000
1165 9623 3977000
1184 9659 3976000
1178 9613 3975000
1172 9621 3974000
1175 9670 3973000
1173 9616 3972000
1187 9665 3971000
1182 9673 3970000
1180 9636 3969000
1177 9597 3968000
1163 9638 3967000
1171 9600 3966000
1161 9641 3965000
1181 9627 3964000
1154 9599 3963000
1159 9639 3962000
1169 9600 3961000
1165 9603 3960000
1168 9657 3959000
1166 9579 3958000
1176 9575 3957000
1167 9619 3956000
1166 9574 3955000
1168 9570 3954000
1169 9595 3953000
1163 9550 3952000
1164 9598 3951000
1185 9562 3950000
1161 9552 3949000
1164 9588 3948000
1164 9558 3947000
1163 9544 3946000
1163 9578 3945000
1161 9558 3944000
1163 9537 3943000
1162 9564 3942000
1161 9566 3941000
1163 9519 3940000
1171 9559 3939000
1157 9535 3938000
1154 9537 3937000
1170 9512 3936000
1152 9532 3935000
1156 9558 3934000
1151 9516 3933000
1168 9507 3932000
1154 9559 3931000
1149 9512 3930000
1148 9519 3929000
1142 9550 3928000
1142 9501 3927000
1151 9515 3926000
1159 9534 3925000
1156 9482 3924000
1157 9494 3923000
1177 9485 3922000
1154 9485 3921000
1156 9542 3920000
1158 9481 3919000
1154 9474 3918000
1154 9502 3917000
1154 9472 3916000
1156 9552 3915000
1152 9561 3914000
1156 9462 3913000
1153 9460 3912000
1153 9514 3911000
1153 9447 3910000
1157 9451 3909000
1162 9504 3908000
1152 9447 3907000
1152 9482 3906000
1157 9437 3905000
1145 9439 3904000
1146 9471 3903000
1144 9439 3902000
1143 9441 3901000
1147 9467 3900000
1150 9437 3899000
1144 9431 3898000
1143 9465 3897000
1143 9414 3896000
1140 9410 3895000
1148 9434 3894000
1143 9406 3893000
1147 9420 3892000
1155 9429 3891000
1146 9399 3890000
1138 9427 3889000
1147 9403 3888000
1139 9397 3887000
1138 9428 3886000
1150 9417 3885000
1139 9403 3884000
1145 9444 3883000
1134 9396 3882000
1142 9405 3881000
1130 9446 3880000
1135 9401 3879000
1144 9380 3878000
1132 9432 3877000
1133 9373 3876000
1145 9392 3875000
1150 9405 3874000
1145 9386 3873000
1136 9400 3872000
1157 9375 3871000
1139 9360 3870000
1131 9423 3869000
1133 9367 3868000
1131 9359 3867000
1128 9402 3866000
1137 9356 3865000
1139 9358 3864000
1134 9396 3863000
1141 9348 3862000
1129 9346 3861000
1124 9404 3860000
1128 9356 3859000
1161 9405 3858000
1160 9393 3857000
1147 9396 3856000
1158 9357 3855000
1152 9370 3854000
1145 9340 3853000
1134 9339 3852000
1137 9312 3851000
1128 9304 3850000
1130 9363 3849000
1132 9313 3848000
1125 9315 3847000
1128 9342 3846000
1128 9286 3845000
1128 9304 3844000
1127 9342 3843000
1130 9282 3842000
1136 9297 3841000
1131 9321 3840000
1126 9279 3839000
1123 9289 3838000
1135 9318 3837000
1128 9272 3836000
1127 9278 3835000
1123 9316 3834000
1132 9271 3833000
1132 9281 3832000
1143 9290 3831000
1130 9256 3830000
1129 9292 3829000
1173 9297 3828000
1130 9251 3827000
1137 9321 3826000
1129 9253 3825000
1133 9255 3824000
1127 9309 3823000
1131 9245 3822000
1127 9244 3821000
1127 9280 3820000
1127 9239 3819000
1127 9235 3818000
1128 9279 3817000
1125 9229 3816000
1126 9232 3815000
1125 9261 3814000
1125 9219 3813000
1122 9218 3812000
1124 9274 3811000
1121 9220 3810000
1122 9211 3809000
1123 9248 3808000
1123 9212 3807000
1135 9225 3806000
1136 9217 3805000
1123 9233 3804000
1128 9253 3803000
1131 9237 3802000
1132 9258 3801000
1120 9263 3800000
1141 9222 3799000
1130 9212 3798000
1125 9249 3797000
1123 9217 3796000
1135 9216 3795000
1128 9241 3794000
1128 9197 3793000
1112 9175 3792000
1115 9198 3791000
1110 9168 3790000
1112 9216 3789000
1111 9458 3788000
1137 9549 3787000
1136 9237 3786000
1106 9222 3785000
1103 9165 3784000
1103 9167 3783000
1108 9191 3782000
1108 9155 3781000
1106 9160 3780000
1102 9183 3779000
1105 9153 3778000
1101 9159 3777000
1124 9172 3776000
1098 9152 3775000
1110 9160 3774000
1127 9140 3773000
1100 9176 3772000
1109 9170 3771000
1119 9134 3770000
1217 9131 3769000
1100 9147 3768000
1102 9123 3767000
1108 9120 3766000
1108 9179 3765000
1102 9115 3764000
1098 9114 3763000
1104 9131 3762000
1103 9103 3761000
1104 9104 3760000
1103 9145 3759000
1101 9089 3758000
1111 9089 3757000
1107 9115 3756000
1100 9083 3755000
1099 9084 3754000
1101 9136 3753000
1100 9083 3752000
1104 9083 3751000
1099 9103 3750000
1104 9075 3749000
1102 9071 3748000
1100 9114 3747000
1104 9077 3746000
1098 9064 3745000
1101 9094 3744000
1104 9076 3743000
1110 9125 3742000
1103 9157 3741000
1099 9041 3740000
1102 9046 3739000
1102 9089 3738000
1100 9041 3737000
1102 9042 3736000
1105 9107 3735000
1102 9040 3734000
1099 9044 3733000
1103 9063 3732000
1098 9022 3731000
1098 9030 3730000
1119 9053 3729000
1098 9025 3728000
1097 9027 3727000
1118 9030 3726000
1098 9023 3725000
1093 9027 3724000
1115 9017 3723000
1089 8995 3722000
1089 9027 3721000
1108 8997 3720000
1093 9004 3719000
1088 9042 3718000
1105 9019 3717000
1096 8999 3716000
1090 9028 3715000
1098 8998 3714000
1087 9004 3713000
1087 9029 3712000
1093 8985 3711000
1087 8983 3710000
1087 9024 3709000
1083 8979 3708000
1079 8978 3707000
1083 9033 3706000
1084 8981 3705000
1079 8974 3704000
1080 9023 3703000
1079 8980 3702000
1081 8966 3701000
1092 9005 3700000
1077 8967 3699000
1082 8959 3698000
1085 8997 3697000
1076 8960 3696000
1086 8960 3695000
1083 9034 3694000
1080 8952 3693000
1074 8951 3692000
1073 8989 3691000
1082 8953 3690000
1073 8952 3689000
1086 8992 3688000
1075 8944 3687000
1078 8935 3686000
1085 8975 3685000
1077 8937 3684000
1073 8991 3683000
1078 9004 3682000
1076 8951 3681000
1106 8911 3680000
1072 8945 3679000
1078 8912 3678000
1076 8910 3677000
1071 8950 3676000
1076 8910 3675000
1070 9089 3674000
1091 9000 3673000
1071 8904 3672000
1085 8898 3671000
1084 8968 3670000
1071 8900 3669000
1076 8911 3668000
1078 8924 3667000
1069 8877 3666000
1076 8869 3665000
1076 8917 3664000
1084 8868 3663000
1074 8872 3662000
1081 8905 3661000
1076 8864 3660000
1080 8859 3659000
1079 8890 3658000
1077 8851 3657000
1078 8846 3656000
1082 8883 3655000
1078 8854 3654000
1075 8846 3653000
1075 8929 3652000
1095 8841 3651000
1074 8836 3650000
1075 8859 3649000
1075 8820 3648000
1074 8842 3647000
1074 8885 3646000
1077 8829 3645000
1074 8824 3644000
1069 8852 3643000
1074 8825 3642000
1072 8807 3641000
1072 8861 3640000
1072 8806 3639000
1070 8810 3638000
1070 8843 3637000
1072 8802 3636000
1071 8801 3635000
1071 8840 3634000
1078 8826 3633000
1082 8824 3632000
1079 8818 3631000
1078 8798 3630000
1058 8797 3629000
1060 8816 3628000
1091 8788 3627000
1068 8802 3626000
1063 8795 3625000
1090 8772 3624000
1060 8809 3623000
1060 8778 3622000
1088 8805 3621000
1062 8751 3620000
1063 8750 3619000
1071 8786 3618000
1059 8741 3617000
1058 8738 3616000
1068 8783 3615000
1058 8742 3614000
1063 8750 3613000
1061 8774 3612000
1061 8728 3611000
1066 8737 3610000
1067 8763 3609000
1057 8719 3608000
1056 8728 3607000
1058 8760 3606000
1055 8710 3605000
1055 8725 3604000
1068 8763 3603000
1061 8719 3602000
1053 8722 3601000
1054 8756 3600000
1092 8726 3599000
1057 8708 3598000
1058 8732 3597000
1058 8690 3596000
1058 8698 3595000
1059 8728 3594000
1064 8684 3593000
1060 8683 3592000
1062 8748 3591000
1059 8696 3590000
1128 8699 3589000
1058 8715 3588000
1056 8672 3587000
1050 8679 3586000
1055 8728 3585000
1058 8665 3584000
1054 8663 3583000
1051 8709 3582000
1066 8661 3581000
1047 8661 3580000
1046 8673 3579000
1069 8656 3578000
1047 8658 3577000
1057 8657 3576000
1065 8685 3575000
1055 8658 3574000
1040 8653 3573000
1058 8678 3572000
1047 8633 3571000
1052 8627 3570000
1045 8686 3569000
1045 8622 3568000
1044 8632 3567000
1044 8675 3566000
1048 8645 3565000
1046 8644 3564000
1048 8686 3563000
1047 8615 3562000
1042 8670 3561000
1051 8694 3560000
1042 8624 3559000
1043 8603 3558000
1042 8647 3557000
1052 8600 3556000
1042 8601 3555000
1042 8650 3554000
1066 8599 3553000
1039 8600 3552000
1042 8628 3551000
1035 8594 3550000
1034 8596 3549000
1035 8633 3548000
1055 8599 3547000
1041 8590 3546000
1039 8598 3545000
1054 8598 3544000
1037 8594 3543000
1036 8588 3542000
1041 8604 3541000
1031 8578 3540000
1028 8572 3539000
1033 8606 3538000
1032 8562 3537000
1029 8567 3536000
1029 8605 3535000
1034 8544 3534000
1034 8561 3533000
1033 8584 3532000
1026 8560 3531000
1034 8555 3530000
1029 8617 3529000
1038 8552 3528000
1028 8537 3527000
1026 8575 3526000
1027 8543 3525000
1027 8518 3524000
1027 8598 3523000
1056 8537 3522000
1027 8543 3521000
1028 8526 3520000
1054 8539 3519000
1034 8515 3518000
1026 8520 3517000
1031 8560 3516000
1029 8511 3515000
1027 8508 3514000
1031 8547 3513000
1029 8504 3512000
1024 8499 3511000
1022 8547 3510000
1034 8495 3509000
1032 8490 3508000
1033 8538 3507000
1033 8481 3506000
1033 8491 3505000
1032 8533 3504000
1031 8480 3503000
1031 8473 3502000
1032 8516 3501000
1034 8466 3500000
1030 8535 3499000
1034 8489 3498000
1048 8497 3497000
1029 8511 3496000
1028 8465 3495000
1028 8501 3494000
1029 8456 3493000
1029 8457 3492000
1028 8496 3491000
1027 8446 3490000
1027 8440 3489000
1027 8514 3488000
1027 8438 3487000
1026 8442 3486000
1027 8477 3485000
1029 8435 3484000
1025 8430 3483000
1026 8470 3482000
1025 8423 3481000
1026 8426 3480000
1025 8435 3479000
1039 8438 3478000
1023 8410 3477000
1023 8413 3476000
1023 8445 3475000
1017 8410 3474000
1018 8410 3473000
1021 8462 3472000
1018 8397 3471000
1016 8408 3470000
1020 8442 3469000
1018 8407 3468000
1020 8402 3467000
1022 8475 3466000
1032 8398 3465000
1019 8387 3464000
1020 8407 3463000
1029 8388 3462000
1014 8383 3461000
1012 8379 3460000
1027 8471 3459000
1012 8382 3458000
1017 8373 3457000
1014 8413 3456000
1010 8378 3455000
1018 8368 3454000
1005 8422 3453000
1005 8373 3452000
1005 8376 3451000
1019 8392 3450000
1020 8351 3449000
1003 8359 3448000
1003 8402 3447000
1014 8344 3446000
999 8358 3445000
1004 8350 3444000
1017 8353 3443000
1011 8339 3442000
1002 8346 3441000
1006 8374 3440000
1007 8338 3439000
998 8336 3438000
1004 8359 3437000
1008 8337 3436000
1032 8365 3435000
1028 8360 3434000
1010 8314 3433000
1010 8296 3432000
1013 8332 3431000
1013 8302 3430000
1009 8298 3429000
1014 8304 3428000
1016 8334 3427000
1008 8302 3426000
1004 8285 3425000
1002 8342 3424000
1003 8278 3423000
1001 8286 3422000
1004 8484 3421000
1024 8593 3420000
1029 8415 3419000
1005 8305 3418000
1001 8285 3417000
1001 8259 3416000
999 8301 3415000
1020 8281 3414000
998 8270 3413000
1000 8252 3412000
1004 8316 3411000
1024 8279 3410000
1018 8287 3409000
1003 8323 3408000
1014 8271 3407000
1013 8272 3406000
1018 8285 3405000
1020 8284 3404000
1021 8257 3403000
1002 8291 3402000
1005 8261 3401000
1006 8319 3400000
1010 8256 3399000
1017 8266 3398000
1007 8250 3397000
1005 8237 3396000
1017 8276 3395000
1006 8242 3394000
1008 8237 3393000
1016 8257 3392000
1009 8233 3391000
1018 8231 3390000
990 8262 3389000
998 8190 3388000
1001 8217 3387000
991 8192 3386000
1010 8197 3385000
991 8178 3384000
992 8180 3383000
996 8223 3382000
994 8176 3381000
996 8174 3380000
995 8204 3379000
994 8166 3378000
995 8163 3377000
996 8204 3376000
1004 8155 3375000
994 8166 3374000
998 8161 3373000
999 8184 3372000
994 8152 3371000
1007 8220 3370000
992 8312 3369000
993 8152 3368000
990 8149 3367000
992 8173 3366000
993 8144 3365000
993 8140 3364000
990 8155 3363000
1006 8157 3362000
989 8132 3361000
987 8118 3360000
991 8163 3359000
989 8138 3358000
1007 8149 3357000
996 8175 3356000
1002 8147 3355000
992 8122 3354000
982 8143 3353000
982 8111 3352000
982 8111 3351000
983 8111 3350000
1020 8130 3349000
984 8090 3348000
979 8102 3347000
985 8148 3346000
988 8089 3345000
978 8092 3344000
991 8154 3343000
984 8080 3342000
985 8083 3341000
977 8106 3340000
994 8095 3339000
981 8079 3338000
979 8076 3337000
977 8132 3336000
979 8068 3335000
975 8066 3334000
987 8113 3333000
972 8065 3332000
969 8072 3331000
993 8109 3330000
988 8082 3329000
982 8051 3328000
971 8052 3327000
967 8113 3326000
968 8044 3325000
969 8048 3324000
975 8102 3323000
969 8053 3322000
974 8056 3321000
967 8078 3320000
979 8036 3319000
965 8042 3318000
970 8041 3317000
982 8067 3316000
977 8019 3315000
975 8022 3314000
976 8069 3313000
977 8013 3312000
976 8023 3311000
976 8072 3310000
975 8018 3309000
975 8009 3308000
974 8000 3307000
975 8044 3306000
974 7999 3305000
970 8087 3304000
973 8034 3303000
971 7992 3302000
972 8010 3301000
973 8021 3300000
971 7973 3299000
972 7981 3298000
971 7968 3297000
974 8020 3296000
971 7977 3295000
972 7967 3294000
971 8012 3293000
969 7973 3292000
969 7968 3291000
971 8006 3290000
981 7966 3289000
966 7954 3288000
967 7957 3287000
967 7998 3286000
968 7951 3285000
968 7957 3284000
965 7989 3283000
969 7956 3282000
966 7947 3281000
963 7965 3280000
988 7975 3279000
964 7967 3278000
982 7947 3277000
963 7998 3276000
960 7936 3275000
960 7929 3274000
967 7962 3273000
962 7921 3272000
958 7924 3271000
957 7928 3270000
978 8007 3269000
956 7927 3268000
963 7914 3267000
952 7956 3266000
950 7912 3265000
948 7910 3264000
949 7945 3263000
989 7921 3262000
947 7900 3261000
955 7908 3260000
951 7938 3259000
955 7893 3258000
956 7889 3257000
952 7937 3256000
947 7876 3255000
959 7889 3254000
952 7897 3253000
968 7882 3252000
953 7871 3251000
952 7879 3250000
956 7903 3249000
957 7871 3248000
956 7863 3247000
956 7900 3246000
954 7865 3245000
954 7847 3244000
954 7852 3243000
958 7882 3242000
953 7850 3241000
953 7845 3240000
953 7887 3239000
952 7840 3238000
951 7892 3237000
952 7863 3236000
985 7841 3235000
950 7832 3234000
951 7825 3233000
949 7883 3232000
952 7828 3231000
949 7836 3230000
949 7860 3229000
951 7823 3228000
949 7813 3227000
948 7817 3226000
946 7850 3225000
942 7809 3224000
942 7803 3223000
942 7858 3222000
952 7802 3221000
945 7804 3220000
945 7796 3219000
967 7809 3218000
946 7790 3217000
946 7795 3216000
945 7828 3215000
945 7788 3214000
940 7791 3213000
938 7819 3212000
946 7785 3211000
938 7775 3210000
947 7764 3209000
944 7824 3208000
939 7771 3207000
936 7785 3206000
952 7830 3205000
949 7786 3204000
947 7783 3203000
945 7779 3202000
951 7810 3201000
938 7749 3200000
934 7778 3199000
934 7779 3198000
935 7736 3197000
934 7747 3196000
927 7743 3195000
942 7775 3194000
926 7743 3193000
925 7740 3192000
931 7776 3191000
946 7740 3190000
925 7732 3189000
923 7749 3188000
958 7748 3187000
924 7722 3186000
935 7727 3185000
926 7772 3184000
927 7718 3183000
924 7717 3182000
926 7754 3181000
961 7713 3180000
933 7697 3179000
930 7701 3178000
929 7740 3177000
927 7702 3176000
929 7698 3175000
930 7724 3174000
938 7695 3173000
920 7696 3172000
936 7701 3171000
925 7729 3170000
922 7683 3169000
940 7745 3168000
940 7787 3167000
953 7696 3166000
925 7667 3165000
928 7669 3164000
928 7707 3163000
923 7665 3162000
924 7670 3161000
930 7717 3160000
929 7660 3159000
924 7656 3158000
927 7657 3157000
923 7683 3156000
920 7650 3155000
921 7649 3154000
922 7685 3153000
930 7650 3152000
921 7635 3151000
919 7641 3150000
920 7684 3149000
922 7623 3148000
924 7634 3147000
920 7680 3146000
927 7630 3145000
919 7630 3144000
917 7626 3143000
920 7668 3142000
921 7604 3141000
917 7607 3140000
921 7658 3139000
917 7608 3138000
917 7609 3137000
920 7604 3136000
919 7632 3135000
918 7588 3134000
915 7595 3133000
924 7651 3132000
919 7592 3131000
913 7582 3130000
918 7581 3129000
916 7622 3128000
920 7587 3127000
914 7578 3126000
913 7633 3125000
928 7573 3124000
912 7570 3123000
912 7572 3122000
912 7603 3121000
910 7553 3120000
920 7553 3119000
919 7579 3118000
929 7554 3117000
908 7552 3116000
912 7544 3115000
911 7584 3114000
908 7535 3113000
911 7540 3112000
909 7553 3111000
943 7546 3110000
914 7533 3109000
910 7528 3108000
909 7555 3107000
907 7523 3106000
907 7513 3105000
910 7532 3104000
918 7552 3103000
913 7501 3102000
905 7513 3101000
914 7546 3100000
904 7503 3099000
906 7543 3098000
910 7513 3097000
909 7546 3096000
908 7496 3095000
903 7510 3094000
909 7521 3093000
905 7491 3092000
905 7479 3091000
905 7489 3090000
901 7534 3089000
902 7489 3088000
903 7475 3087000
904 7501 3086000
917 7471 3085000
905 7461 3084000
899 7461 3083000
908 7513 3082000
902 7459 3081000
904 7452 3080000
899 7450 3079000
909 7475 3078000
895 7457 3077000
902 7450 3076000
893 7504 3075000
907 7450 3074000
895 7444 3073000
896 7440 3072000
892 7475 3071000
897 7436 3070000
900 7438 3069000
894 7467 3068000
897 7433 3067000
898 7437 3066000
907 7425 3065000
890 7457 3064000
902 7425 3063000
907 7442 3062000
915 7445 3061000
913 7506 3060000
893 7402 3059000
893 7411 3058000
903 7450 3057000
893 7396 3056000
894 7396 3055000
897 7391 3054000
894 7470 3053000
893 7388 3052000
887 7393 3051000
895 7427 3050000
899 7397 3049000
884 7382 3048000
892 7386 3047000
894 7427 3046000
889 7378 3045000
890 7382 3044000
883 7375 3043000
901 7411 3042000
887 7369 3041000
890 7367 3040000
891 7407 3039000
892 7354 3038000
892 7344 3037000
892 7353 3036000
892 7382 3035000
892 7351 3034000
890 7344 3033000
892 7361 3032000
902 7354 3031000
890 7339 3030000
890 7333 3029000
891 7372 3028000
887 7334 3027000
888 7367 3026000
897 7328 3025000
888 7370 3024000
889 7314 3023000
888 7312 3022000
889 7346 3021000
897 7314 3020000
889 7312 3019000
887 7313 3018000
887 7336 3017000
886 7309 3016000
887 7304 3015000
885 7293 3014000
886 7329 3013000
885 7298 3012000
884 7293 3011000
885 7319 3010000
989 7605 3009000
902 7570 3008000
897 7291 3007000
882 7315 3006000
883 7268 3005000
883 7278 3004000
885 7268 3003000
885 7318 3002000
882 7263 3001000
881 7263 3000000
881 7305 2999000
882 7261 2998000
883 7257 2997000
883 7262 2996000
880 7297 2995000
881 7256 2994000
877 7248 2993000
880 7252 2992000
879 7277 2991000
880 7269 2990000
879 7246 2989000
878 7260 2988000
886 7244 2987000
880 7247 2986000
878 7265 2985000
875 7255 2984000
879 7222 2983000
876 7230 2982000
875 7224 2981000
877 7266 2980000
878 7216 2979000
876 7216 2978000
877 7229 2977000
896 7222 2976000
876 7206 2975000
873 7219 2974000
874 7250 2973000
874 7207 2972000
872 7207 2971000
877 7206 2970000
873 7234 2969000
874 7201 2968000
869 7194 2967000
869 7210 2966000
876 7220 2965000
871 7191 2964000
872 7184 2963000
867 7221 2962000
869 7182 2961000
865 7178 2960000
864 7183 2959000
864 7235 2958000
864 7184 2957000
864 7172 2956000
865 7163 2955000
863 7189 2954000
868 7159 2953000
864 7222 2952000
871 7182 2951000
873 7215 2950000
864 7147 2949000
861 7154 2948000
862 7187 2947000
859 7152 2946000
858 7142 2945000
855 7145 2944000
862 7206 2943000
853 7140 2942000
855 7132 2941000
858 7144 2940000
856 7166 2939000
866 7145 2938000
853 7123 2937000
860 7139 2936000
873 7124 2935000
853 7118 2934000
859 7114 2933000
852 7160 2932000
852 7121 2931000
853 7104 2930000
862 7102 2929000
851 7149 2928000
851 7101 2927000
849 7104 2926000
851 7093 2925000
851 7126 2924000
850 7086 2923000
850 7083 2922000
852 7093 2921000
874 7111 2920000
848 7079 2919000
858 7083 2918000
849 7135 2917000
865 7072 2916000
846 7073 2915000
859 7079 2914000
849 7112 2913000
849 7089 2912000
849 7062 2911000
849 7064 2910000
847 7095 2909000
845 7056 2908000
850 7051 2907000
854 7042 2906000
857 7080 2905000
845 7057 2904000
846 7044 2903000
847 7064 2902000
866 7041 2901000
844 7039 2900000
847 7035 2899000
846 7075 2898000
844 7030 2897000
845 7019 2896000
840 7018 2895000
841 7050 2894000
840 7018 2893000
842 7019 2892000
844 7018 2891000
846 7065 2890000
838 7004 2889000
837 6998 2888000
837 7008 2887000
846 7042 2886000
843 6983 2885000
842 6996 2884000
837 7006 2883000
862 7003 2882000
836 6987 2881000
845 6980 2880000
838 7026 2879000
849 6984 2878000
846 6986 2877000
865 7034 2876000
852 7019 2875000
841 6958 2874000
845 6960 2873000
841 6993 2872000
841 6982 2871000
839 6953 2870000
838 6947 2869000
846 6951 2868000
846 7075 2867000
879 6953 2866000
838 6948 2865000
837 6931 2864000
838 6973 2863000
837 6925 2862000
839 6927 2861000
837 6950 2860000
869 6942 2859000
835 6926 2858000
834 6910 2857000
837 6951 2856000
844 6925 2855000
836 6910 2854000
835 6916 2853000
837 6944 2852000
839 6907 2851000
842 6912 2850000
833 6904 2849000
834 6932 2848000
832 6890 2847000
835 6880 2846000
833 6885 2845000
833 6920 2844000
833 6886 2843000
829 6875 2842000
832 6885 2841000
833 6910 2840000
828 6869 2839000
830 6877 2838000
829 6879 2837000
829 6971 2836000
831 6879 2835000
829 6866 2834000
830 6874 2833000
829 6903 2832000
828 6859 2831000
825 6844 2830000
833 6857 2829000
842 6918 2828000
826 6854 2827000
826 6847 2826000
831 6855 2825000
840 6856 2824000
825 6842 2823000
825 6834 2822000
825 6868 2821000
834 6831 2820000
829 6833 2819000
818 6834 2818000
823 6857 2817000
820 6814 2816000
817 6815 2815000
828 6830 2814000
817 6872 2813000
815 6817 2812000
816 6807 2811000
815 6817 2810000
821 6852 2809000
826 6808 2808000
818 6797 2807000
824 6789 2806000
823 6832 2805000
825 6787 2804000
825 6787 2803000
823 6789 2802000
824 6814 2801000
824 6791 2800000
822 6808 2799000
828 6793 2798000
822 6829 2797000
821 6777 2796000
823 6758 2795000
820 6768 2794000
821 6796 2793000
818 6765 2792000
821 6760 2791000
820 6751 2790000
829 6801 2789000
818 6752 2788000
818 6755 2787000
818 6742 2786000
816 6785 2785000
818 6736 2784000
817 6745 2783000
817 6739 2782000
820 6778 2781000
817 6738 2780000
817 6732 2779000
816 6724 2778000
816 6771 2777000
815 6715 2776000
819 6716 2775000
815 6719 2774000
820 6753 2773000
815 6735 2772000
821 6719 2771000
808 6714 2770000
818 6744 2769000
805 6710 2768000
809 6721 2767000
806 6712 2766000
819 6742 2765000
806 6698 2764000
810 6693 2763000
803 6694 2762000
813 6716 2761000
800 6693 2760000
806 6678 2759000
800 6683 2758000
811 6723 2757000
803 6681 2756000
811 6674 2755000
883 6702 2754000
817 6704 2753000
798 6670 2752000
798 6666 2751000
799 6664 2750000
813 6704 2749000
809 6662 2748000
810 6663 2747000
797 6654 2746000
813 6681 2745000
803 6649 2744000
805 6658 2743000
794 6654 2742000
818 6677 2741000
797 6649 2740000
797 6640 2739000
797 6636 2738000
797 6677 2737000
793 6635 2736000
799 6643 2735000
802 6642 2734000
795 6657 2733000
802 6619 2732000
803 6616 2731000
800 6610 2730000
801 6666 2729000
801 6616 2728000
803 6613 2727000
800 6604 2726000
799 6651 2725000
798 6598 2724000
798 6598 2723000
799 6597 2722000
796 6630 2721000
800 6582 2720000
797 6643 2719000
802 6594 2718000
795 6687 2717000
797 6580 2716000
797 6581 2715000
797 6577 2714000
792 6600 2713000
795 6579 2712000
794 6573 2711000
795 6574 2710000
790 6648 2709000
785 6570 2708000
788 6579 2707000
785 6561 2706000
782 6603 2705000
782 6558 2704000
781 6564 2703000
790 6555 2702000
785 6596 2701000
783 6553 2700000
785 6541 2699000
780 6541 2698000
783 6581 2697000
784 6543 2696000
785 6530 2695000
779 6535 2694000
778 6574 2693000
785 6534 2692000
789 6540 2691000
782 6539 2690000
782 6549 2689000
803 6524 2688000
778 6519 2687000
778 6522 2686000
790 6527 2685000
811 6536 2684000
783 6514 2683000
789 6507 2682000
780 6511 2681000
784 6525 2680000
774 6504 2679000
777 6494 2678000
774 6490 2677000
777 6561 2676000
772 6498 2675000
782 6485 2674000
776 6483 2673000
777 6514 2672000
771 6482 2671000
781 6475 2670000
777 6483 2669000
775 6502 2668000
782 6462 2667000
782 6472 2666000
775 6461 2665000
776 6501 2664000
773 6451 2663000
774 6462 2662000
776 6459 2661000
774 6485 2660000
776 6451 2659000
772 6449 2658000
776 6442 2657000
774 6463 2656000
784 6448 2655000
772 6439 2654000
774 6438 2653000
773 6446 2652000
789 6463 2651000
777 6425 2650000
776 6415 2649000
775 6421 2648000
775 6458 2647000
775 6416 2646000
773 6412 2645000
771 6419 2644000
775 6457 2643000
774 6408 2642000
773 6403 2641000
772 6414 2640000
769 6434 2639000
770 6407 2638000
768 6384 2637000
776 6458 2636000
769 6436 2635000
767 6396 2634000
771 6389 2633000
766 6402 2632000
826 6415 2631000
781 6389 2630000
770 6376 2629000
766 6371 2628000
765 6377 2627000
775 6400 2626000
767 6380 2625000
772 6403 2624000
767 6357 2623000
780 6424 2622000
770 6359 2621000
762 6356 2620000
765 6358 2619000
768 6390 2618000
763 6340 2617000
762 6347 2616000
763 6345 2615000
760 6373 2614000
763 6336 2613000
766 6339 2612000
764 6336 2611000
763 6342 2610000
773 6330 2609000
762 6330 2608000
772 6327 2607000
763 6320 2606000
762 6362 2605000
763 6317 2604000
762 6309 2603000
764 6323 2602000
764 6351 2601000
761 6308 2600000
760 6312 2599000
761 6311 2598000
759 6335 2597000
759 6293 2596000
759 6293 2595000
759 6296 2594000
760 6373 2593000
782 6311 2592000
760 6295 2591000
756 6285 2590000
757 6285 2589000
767 6311 2588000
756 6278 2587000
756 6275 2586000
761 6271 2585000
755 6338 2584000
756 6266 2583000
755 6260 2582000
757 6258 2581000
755 6290 2580000
755 6253 2579000
754 6250 2578000
753 6255 2577000
753 6276 2576000
778 6249 2575000
753 6241 2574000
754 6232 2573000
751 6235 2572000
750 6278 2571000
749 6237 2570000
747 6241 2569000
743 6223 2568000
744 6267 2567000
743 6225 2566000
747 6217 2565000
741 6217 2564000
740 6270 2563000
746 6217 2562000
742 6205 2561000
745 6223 2560000
749 6200 2559000
753 6229 2558000
740 6200 2557000
745 6185 2556000
746 6191 2555000
747 6225 2554000
749 6179 2553000
747 6200 2552000
744 6241 2551000
748 6214 2550000
746 6184 2549000
746 6186 2548000
747 6186 2547000
744 6176 2546000
757 6181 2545000
737 6171 2544000
735 6165 2543000
740 6165 2542000
736 6220 2541000
735 6164 2540000
737 6171 2539000
734 6155 2538000
733 6181 2537000
738 6152 2536000
745 6156 2535000
731 6155 2534000
741 6195 2533000
899 6476 2532000
774 6500 2531000
748 6270 2530000
742 6141 2529000
736 6165 2528000
732 6126 2527000
730 6124 2526000
731 6120 2525000
729 6159 2524000
734 6112 2523000
734 6115 2522000
736 6108 2521000
732 6115 2520000
749 6125 2519000
734 6100 2518000
734 6103 2517000
732 6095 2516000
734 6141 2515000
731 6108 2514000
740 6084 2513000
734 6086 2512000
737 6125 2511000
738 6090 2510000
732 6108 2509000
725 6082 2508000
726 6083 2507000
733 6113 2506000
732 6069 2505000
733 6071 2504000
731 6123 2503000
731 6097 2502000
729 6057 2501000
731 6060 2500000
732 6066 2499000
729 6076 2498000
747 6055 2497000
731 6047 2496000
729 6045 2495000
730 6049 2494000
729 6079 2493000
730 6040 2492000
734 6043 2491000
729 6040 2490000
723 6074 2489000
738 6037 2488000
727 6045 2487000
720 6042 2486000
720 6026 2485000
718 6071 2484000
722 6024 2483000
723 6026 2482000
718 6018 2481000
716 6071 2480000
722 6012 2479000
721 6012 2478000
715 6007 2477000
716 6007 2476000
717 6037 2475000
715 5999 2474000
717 6006 2473000
715 6011 2472000
713 6031 2471000
717 5992 2470000
717 5991 2469000
722 5991 2468000
714 5993 2467000
731 6007 2466000
716 5975 2465000
718 6019 2464000
732 5975 2463000
721 6055 2462000
721 5989 2461000
719 5973 2460000
718 5972 2459000
714 5968 2458000
728 5984 2457000
718 5956 2456000
722 5958 2455000
716 5962 2454000
714 6075 2453000
728 5960 2452000
713 5950 2451000
713 5952 2450000
713 5957 2449000
727 5962 2448000
714 5943 2447000
712 5933 2446000
711 5939 2445000
711 5980 2444000
718 5931 2443000
709 5917 2442000
710 5926 2441000
710 5943 2440000
729 5929 2439000
709 5923 2438000
718 5914 2437000
709 5924 2436000
709 5958 2435000
709 5903 2434000
711 5906 2433000
708 5905 2432000
709 5901 2431000
721 5914 2430000
707 5888 2429000
705 5888 2428000
710 5900 2427000
705 5921 2426000
705 5884 2425000
709 5890 2424000
704 5893 2423000
708 5877 2422000
706 5913 2421000
706 5883 2420000
708 5875 2419000
707 5871 2418000
705 5910 2417000
704 5868 2416000
700 5878 2415000
701 5863 2414000
696 5863 2413000
708 5899 2412000
700 5860 2411000
696 5850 2410000
699 5855 2409000
704 5901 2408000
708 5852 2407000
704 5841 2406000
703 5835 2405000
703 5833 2404000
702 5882 2403000
704 5822 2402000
702 5825 2401000
701 5833 2400000
702 5828 2399000
714 5830 2398000
702 5812 2397000
702 5810 2396000
700 5811 2395000
703 5844 2394000
700 5805 2393000
700 5801 2392000
699 5803 2391000
700 5809 2390000
703 5852 2389000
698 5796 2388000
698 5785 2387000
698 5784 2386000
697 5819 2385000
705 5786 2384000
697 5784 2383000
706 5777 2382000
697 5782 2381000
696 5824 2380000
695 5782 2379000
695 5770 2378000
695 5768 2377000
695 5775 2376000
707 5783 2375000
694 5754 2374000
697 5783 2373000
723 5788 2372000
695 5790 2371000
693 5756 2370000
692 5742 2369000
693 5756 2368000
692 5739 2367000
691 5774 2366000
692 5736 2365000
690 5735 2364000
691 5730 2363000
692 5761 2362000
700 5740 2361000
690 5724 2360000
688 5723 2359000
689 5713 2358000
691 5753 2357000
687 5706 2356000
690 5710 2355000
689 5706 2354000
687 5713 2353000
688 5749 2352000
691 5696 2351000
687 5699 2350000
687 5693 2349000
687 5685 2348000
716 5713 2347000
687 5683 2346000
686 5685 2345000
684 5686 2344000
684 5724 2343000
685 5684 2342000
684 5676 2341000
685 5680 2340000
683 5658 2339000
683 5710 2338000
681 5663 2337000
684 5659 2336000
682 5663 2335000
684 5658 2334000
687 5700 2333000
680 5654 2332000
682 5647 2331000
682 5649 2330000
681 5666 2329000
691 5647 2328000
681 5648 2327000
680 5641 2326000
679 5640 2325000
678 5720 2324000
678 5639 2323000
684 5634 2322000
679 5628 2321000
678 5618 2320000
678 5671 2319000
678 5613 2318000
682 5619 2317000
677 5622 2316000
675 5614 2315000
687 5662 2314000
673 5603 2313000
676 5602 2312000
675 5607 2311000
676 5629 2310000
700 5606 2309000
677 5594 2308000
674 5593 2307000
674 5586 2306000
674 5623 2305000
674 5585 2304000
674 5580 2303000
674 5584 2302000
672 5579 2301000
671 5613 2300000
673 5572 2299000
670 5583 2298000
670 5566 2297000
672 5576 2296000
672 5608 2295000
670 5567 2294000
669 5567 2293000
667 5553 2292000
670 5559 2291000
681 5582 2290000
668 5558 2289000
671 5551 2288000
669 5546 2287000
667 5567 2286000
684 5553 2285000
671 5539 2284000
670 5540 2283000
669 5544 2282000
671 5560 2281000
668 5533 2280000
658 5537 2279000
657 5575 2278000
659 5528 2277000
658 5564 2276000
656 5531 2275000
658 5520 2274000
659 5521 2273000
665 5517 2272000
655 5546 2271000
656 5515 2270000
653 5505 2269000
654 5508 2268000
675 5508 2267000
656 5557 2266000
666 5507 2265000
659 5502 2264000
659 5497 2263000
653 5495 2262000
662 5526 2261000
652 5488 2260000
660 5496 2259000
654 5487 2258000
652 5493 2257000
671 5502 2256000
657 5478 2255000
650 5472 2254000
659 5472 2253000
650 5494 2252000
665 5471 2251000
654 5468 2250000
659 5461 2249000
648 5465 2248000
651 5502 2247000
658 5463 2246000
655 5454 2245000
653 5455 2244000
645 5448 2243000
658 5500 2242000
648 5447 2241000
646 5443 2240000
651 5467 2239000
646 5435 2238000
658 5500 2237000
645 5432 2236000
645 5427 2235000
650 5454 2234000
644 5421 2233000
647 5460 2232000
648 5408 2231000
647 5405 2230000
646 5400 2229000
649 5407 2228000
646 5434 2227000
645 5400 2226000
647 5406 2225000
652 5399 2224000
647 5434 2223000
647 5429 2222000
647 5382 2221000
648 5382 2220000
646 5380 2219000
647 5393 2218000
647 5424 2217000
645 5377 2216000
646 5372 2215000
646 5370 2214000
645 5365 2213000
644 5406 2212000
644 5360 2211000
643 5357 2210000
643 5354 2209000
647 5359 2208000
645 5402 2207000
644 5358 2206000
642 5347 2205000
642 5345 2204000
640 5342 2203000
641 5379 2202000
641 5335 2201000
640 5359 2200000
645 5363 2199000
650 5368 2198000
640 5386 2197000
644 5347 2196000
643 5347 2195000
648 5323 2194000
634 5320 2193000
634 5347 2192000
638 5324 2191000
638 5306 2190000
634 5315 2189000
633 5315 2188000
632 5351 2187000
636 5301 2186000
635 5305 2185000
630 5310 2184000
631 5309 2183000
631 5346 2182000
630 5291 2181000
630 5286 2180000
629 5354 2179000
629 5298 2178000
635 5364 2177000
633 5301 2176000
628 5282 2175000
628 5270 2174000
627 5286 2173000
628 5300 2172000
627 5277 2171000
627 5284 2170000
625 5284 2169000
630 5268 2168000
629 5319 2167000
632 5255 2166000
625 5264 2165000
627 5252 2164000
624 5251 2163000
623 5288 2162000
625 5243 2161000
622 5246 2160000
627 5233 2159000
625 5232 2158000
624 5261 2157000
630 5247 2156000
626 5241 2155000
620 5223 2154000
623 5222 2153000
628 5240 2152000
637 5234 2151000
621 5220 2150000
626 5214 2149000
621 5215 2148000
619 5222 2147000
633 5244 2146000
618 5221 2145000
619 5208 2144000
620 5202 2143000
617 5202 2142000
619 5248 2141000
634 5220 2140000
621 5213 2139000
629 5204 2138000
616 5214 2137000
619 5236 2136000
619 5198 2135000
619 5196 2134000
617 5191 2133000
620 5190 2132000
619 5212 2131000
619 5172 2130000
618 5175 2129000
619 5176 2128000
618 5175 2127000
617 5210 2126000
617 5171 2125000
616 5163 2124000
614 5165 2123000
616 5163 2122000
615 5178 2121000
643 5153 2120000
614 5145 2119000
616 5143 2118000
615 5142 2117000
613 5158 2116000
632 5163 2115000
614 5138 2114000
611 5137 2113000
613 5134 2112000
612 5133 2111000
613 5168 2110000
612 5121 2109000
613 5125 2108000
611 5122 2107000
611 5118 2106000
610 5158 2105000
610 5114 2104000
612 5113 2103000
610 5123 2102000
612 5119 2101000
606 5146 2100000
605 5105 2099000
605 5107 2098000
600 5099 2097000
606 5105 2096000
603 5112 2095000
619 5118 2094000
599 5093 2093000
599 5087 2092000
598 5084 2091000
602 5091 2090000
608 5114 2089000
599 5086 2088000
598 5078 2087000
600 5083 2086000
602 5074 2085000
601 5117 2084000
596 5078 2083000
603 5070 2082000
598 5061 2081000
599 5066 2080000
601 5086 2079000
597 5053 2078000
599 5047 2077000
599 5051 2076000
603 5068 2075000
602 5039 2074000
610 5071 2073000
597 5038 2072000
592 5041 2071000
596 5034 2070000
597 5081 2069000
591 5083 2068000
595 5040 2067000
602 5030 2066000
590 5024 2065000
592 5022 2064000
591 5060 2063000
591 5024 2062000
596 5012 2061000
589 5008 2060000
592 5006 2059000
593 5007 2058000
607 5044 2057000
589 5000 2056000
591 5005 2055000
587 5000 2054000
592 4996 2053000
588 5038 2052000
587 4988 2051000
588 4986 2050000
587 4986 2049000
587 4977 2048000
585 5005 2047000
605 4976 2046000
587 4978 2045000
584 4976 2044000
591 4967 2043000
594 4967 2042000
594 5021 2041000
586 4966 2040000
600 4959 2039000
592 4970 2038000
585 4949 2037000
582 4975 2036000
589 4954 2035000
586 4954 2034000
583 4947 2033000
582 4937 2032000
585 4950 2031000
618 4952 2030000
580 4937 2029000
579 4928 2028000
579 4932 2027000
580 4929 2026000
583 4958 2025000
581 4920 2024000
579 4921 2023000
579 4919 2022000
579 4917 2021000
578 4994 2020000
603 4943 2019000
576 4910 2018000
586 4908 2017000
576 4908 2016000
584 4896 2015000
579 4932 2014000
578 4893 2013000
584 4894 2012000
582 4888 2011000
575 4891 2010000
579 4955 2009000
590 4892 2008000
574 4884 2007000
578 4883 2006000
573 4879 2005000
573 4865 2004000
579 4908 2003000
572 4874 2002000
573 4865 2001000
577 4861 2000000
581 4864 1999000
571 4887 1998000
581 4861 1997000
577 4859 1996000
570 4852 1995000
570 4854 1994000
572 4853 1993000
573 4883 1992000
570 4847 1991000
577 4844 1990000
578 4840 1989000
568 4835 1988000
568 4858 1987000
592 4842 1986000
578 4833 1985000
572 4828 1984000
567 4828 1983000
568 4824 1982000
573 4853 1981000
566 4823 1980000
578 4819 1979000
566 4813 1978000
572 4813 1977000
577 4837 1976000
588 4818 1975000
571 4800 1974000
565 4799 1973000
565 4791 1972000
574 4797 1971000
569 4824 1970000
566 4781 1969000
572 4776 1968000
574 4784 1967000
587 4796 1966000
571 4792 1965000
581 4813 1964000
565 4765 1963000
565 4757 1962000
564 4772 1961000
564 4756 1960000
569 4794 1959000
567 4755 1958000
563 4757 1957000
562 4760 1956000
566 4763 1955000
568 4762 1954000
559 4813 1953000
568 4756 1952000
567 4754 1951000
558 4744 1950000
558 4744 1949000
556 4746 1948000
571 4761 1947000
568 4745 1946000
565 4748 1945000
573 4744 1944000
560 4729 1943000
559 5020 1942000
571 4999 1941000
579 4893 1940000
576 4903 1939000
561 4705 1938000
557 4701 1937000
559 4739 1936000
560 4706 1935000
555 4690 1934000
559 4699 1933000
562 4713 1932000
561 4733 1931000
564 4703 1930000
554 4694 1929000
554 4682 1928000
556 4685 1927000
553 4688 1926000
554 4715 1925000
557 4693 1924000
559 4674 1923000
553 4676 1922000
551 4679 1921000
552 4681 1920000
561 4717 1919000
551 4679 1918000
550 4660 1917000
553 4652 1916000
551 4657 1915000
551 4662 1914000
559 4677 1913000
552 4653 1912000
554 4675 1911000
549 4661 1910000
553 4647 1909000
548 4670 1908000
553 4643 1907000
549 4630 1906000
547 4636 1905000
547 4634 1904000
547 4627 1903000
552 4708 1902000
552 4613 1901000
552 4618 1900000
545 4623 1899000
547 4607 1898000
545 4610 1897000
545 4654 1896000
546 4612 1895000
545 4618 1894000
551 4628 1893000
556 4617 1892000
555 4614 1891000
557 4647 1890000
543 4613 1889000
554 4610 1888000
549 4607 1887000
557 4608 1886000
554 4612 1885000
553 4611 1884000
543 4598 1883000
552 4599 1882000
544 4600 1881000
543 4589 1880000
549 4609 1879000
547 4569 1878000
539 4567 1877000
543 4568 1876000
540 4560 1875000
540 4557 1874000
543 4608 1873000
539 4562 1872000
540 4558 1871000
537 4542 1870000
538 4543 1869000
540 4545 1868000
539 4596 1867000
536 4540 1866000
537 4537 1865000
538 4527 1864000
537 4528 1863000
537 4529 1862000
539 4571 1861000
537 4526 1860000
538 4532 1859000
537 4519 1858000
533 4517 1857000
539 4513 1856000
533 4562 1855000
536 4503 1854000
536 4514 1853000
534 4521 1852000
546 4565 1851000
538 4523 1850000
537 4581 1849000
534 4511 1848000
532 4490 1847000
532 4487 1846000
531 4491 1845000
533 4484 1844000
530 4518 1843000
529 4487 1842000
529 4476 1841000
528 4481 1840000
532 4471 1839000
530 4460 1838000
534 4521 1837000
528 4461 1836000
526 4463 1835000
526 4459 1834000
526 4460 1833000
526 4460 1832000
528 4478 1831000
525 4441 1830000
526 4434 1829000
528 4443 1828000
526 4439 1827000
525 4455 1826000
533 4483 1825000
524 4426 1824000
524 4428 1823000
524 4431 1822000
529 4423 1821000
529 4417 1820000
526 4453 1819000
522 4426 1818000
522 4405 1817000
525 4431 1816000
525 4406 1815000
521 4424 1814000
529 4451 1813000
526 4416 1812000
525 4409 1811000
534 4408 1810000
521 4395 1809000
524 4391 1808000
524 4425 1807000
520 4383 1806000
518 4371 1805000
518 4385 1804000
517 4373 1803000
519 4389 1802000
517 4421 1801000
520 4371 1800000
518 4370 1799000
515 4370 1798000
518 4362 1797000
517 4372 1796000
521 4398 1795000
513 4357 1794000
516 4356 1793000
513 4360 1792000
515 4361 1791000
511 4371 1790000
512 4405 1789000
530 4380 1788000
516 4357 1787000
518 4347 1786000
510 4351 1785000
509 4350 1784000
513 4367 1783000
523 4368 1782000
511 4323 1781000
510 4321 1780000
511 4328 1779000
509 4324 1778000
515 4320 1777000
513 4367 1776000
512 4326 1775000
511 4306 1774000
510 4312 1773000
511 4301 1772000
511 4299 1771000
509 4349 1770000
511 4296 1769000
509 4294 1768000
507 4293 1767000
507 4287 1766000
509 4289 1765000
508 4361 1764000
505 4278 1763000
507 4294 1762000
512 4284 1761000
511 4281 1760000
508 4278 1759000
502 4309 1758000
518 4290 1757000
511 4271 1756000
503 4264 1755000
505 4266 1754000
504 4258 1753000
501 4263 1752000
509 4310 1751000
503 4257 1750000
504 4254 1749000
503 4248 1748000
502 4240 1747000
501 4242 1746000
502 4301 1745000
501 4232 1744000
503 4241 1743000
504 4240 1742000
499 4226 1741000
502 4224 1740000
504 4263 1739000
502 4236 1738000
499 4216 1737000
502 4219 1736000
502 4213 1735000
498 4217 1734000
502 4209 1733000
504 4239 1732000
500 4216 1731000
500 4199 1730000
496 4209 1729000
502 4263 1728000
495 4209 1727000
500 4247 1726000
496 4202 1725000
495 4195 1724000
496 4191 1723000
503 4195 1722000
494 4188 1721000
496 4253 1720000
514 4186 1719000
492 4174 1718000
495 4174 1717000
492 4167 1716000
495 4181 1715000
491 4170 1714000
496 4220 1713000
492 4160 1712000
496 4166 1711000
490 4157 1710000
489 4151 1709000
491 4161 1708000
492 4195 1707000
490 4152 1706000
490 4141 1705000
491 4149 1704000
487 4154 1703000
488 4152 1702000
490 4144 1701000
496 4169 1700000
487 4134 1699000
487 4118 1698000
486 4132 1697000
485 4116 1696000
486 4122 1695000
484 4164 1694000
487 4122 1693000
485 4113 1692000
484 4127 1691000
481 4134 1690000
488 4125 1689000
491 4118 1688000
494 4131 1687000
482 4095 1686000
485 4095 1685000
486 4095 1684000
484 4092 1683000
485 4090 1682000
484 4123 1681000
485 4083 1680000
481 4084 1679000
484 4075 1678000
480 4075 1677000
482 4080 1676000
484 4076 1675000
486 4119 1674000
481 4069 1673000
481 4072 1672000
481 4064 1671000
481 4059 1670000
480 4059 1669000
485 4087 1668000
489 4058 1667000
480 4051 1666000
478 4047 1665000
479 4057 1664000
476 4040 1663000
477 4040 1662000
477 4141 1661000
476 4042 1660000
478 4030 1659000
476 4031 1658000
476 4032 1657000
474 4034 1656000
474 4034 1655000
490 4056 1654000
474 4031 1653000
475 4023 1652000
474 4010 1651000
474 4010 1650000
475 4011 1649000
472 4057 1648000
484 4007 1647000
473 4010 1646000
470 3997 1645000
471 3996 1644000
472 3993 1643000
479 3991 1642000
474 4032 1641000
472 3984 1640000
471 3992 1639000
468 3993 1638000
470 3983 1637000
470 3985 1636000
469 3986 1635000
474 4012 1634000
468 3978 1633000
472 3976 1632000
468 3973 1631000
467 3965 1630000
467 3969 1629000
467 3990 1628000
473 3969 1627000
466 3957 1626000
465 3956 1625000
465 3957 1624000
468 3958 1623000
464 3950 1622000
465 3994 1621000
467 3954 1620000
461 3965 1619000
463 3972 1618000
457 3972 1617000
462 3963 1616000
457 3955 1615000
455 3990 1614000
458 3960 1613000
456 3950 1612000
460 3955 1611000
455 3944 1610000
454 3943 1609000
453 3943 1608000
464 3984 1607000
452 3919 1606000
455 3920 1605000
455 3906 1604000
459 3913 1603000
454 3905 1602000
460 3912 1601000
470 3923 1600000
457 3915 1599000
456 3903 1598000
452 3893 1597000
452 3953 1596000
452 3897 1595000
452 3902 1594000
462 3902 1593000
452 3880 1592000
451 3877 1591000
450 3869 1590000
453 3869 1589000
450 3879 1588000
449 3914 1587000
460 3897 1586000
448 3880 1585000
445 3870 1584000
448 3853 1583000
448 3854 1582000
448 3858 1581000
449 3885 1580000
454 3868 1579000
447 3842 1578000
448 3848 1577000
446 3843 1576000
446 3837 1575000
445 3835 1574000
444 3849 1573000
463 3833 1572000
443 3830 1571000
445 3818 1570000
443 3821 1569000
442 3821 1568000
446 3818 1567000
443 3859 1566000
451 3838 1565000
439 3828 1564000
443 3847 1563000
439 3823 1562000
438 3831 1561000
441 3825 1560000
439 3855 1559000
449 3829 1558000
442 3819 1557000
436 3808 1556000
443 3813 1555000
440 3809 1554000
438 3811 1553000
436 3840 1552000
446 3810 1551000
442 3792 1550000
436 3784 1549000
440 3770 1548000
439 3770 1547000
440 3766 1546000
439 3792 1545000
446 3781 1544000
440 3804 1543000
438 3756 1542000
438 3770 1541000
437 3765 1540000
439 3773 1539000
441 3771 1538000
449 3778 1537000
438 3771 1536000
437 3753 1535000
437 3727 1534000
433 3735 1533000
434 3738 1532000
432 3732 1531000
431 3764 1530000
435 3725 1529000
430 3720 1528000
430 3716 1527000
432 3713 1526000
431 3719 1525000
429 3709 1524000
430 3749 1523000
434 3698 1522000
434 3701 1521000
429 3694 1520000
430 3705 1519000
433 3689 1518000
429 3708 1517000
428 3768 1516000
437 3692 1515000
428 3680 1514000
430 3680 1513000
426 3677 1512000
426 3667 1511000
427 3676 1510000
426 3685 1509000
434 3688 1508000
427 3673 1507000
428 3660 1506000
429 3666 1505000
428 3667 1504000
427 3660 1503000
426 3656 1502000
425 3700 1501000
426 3644 1500000
426 3650 1499000
425 3644 1498000
425 3650 1497000
424 3642 1496000
426 3646 1495000
424 3675 1494000
444 3634 1493000
422 3633 1492000
425 3633 1491000
423 3629 1490000
423 3628 1489000
421 3628 1488000
424 3627 1487000
429 3642 1486000
422 3614 1485000
422 3611 1484000
419 3623 1483000
421 3623 1482000
426 3623 1481000
416 3624 1480000
421 3652 1479000
419 3618 1478000
427 3610 1477000
426 3612 1476000
427 3604 1475000
426 3606 1474000
426 3593 1473000
420 3609 1472000
422 3602 1471000
424 3608 1470000
420 3586 1469000
417 3589 1468000
419 3583 1467000
414 3571 1466000
416 3567 1465000
416 3600 1464000
419 3559 1463000
413 3557 1462000
412 3562 1461000
412 3548 1460000
411 3556 1459000
413 3552 1458000
415 3565 1457000
416 3556 1456000
410 3538 1455000
409 3544 1454000
410 3534 1453000
407 3589 1452000
410 3534 1451000
409 3527 1450000
408 3618 1449000
413 3532 1448000
408 3527 1447000
408 3517 1446000
408 3517 1445000
407 3520 1444000
408 3519 1443000
407 3507 1442000
415 3535 1441000
408 3503 1440000
407 3504 1439000
407 3501 1438000
406 3490 1437000
405 3489 1436000
404 3491 1435000
413 3549 1434000
414 3512 1433000
406 3496 1432000
408 3497 1431000
413 3495 1430000
405 3490 1429000
406 3492 1428000
405 3488 1427000
410 3518 1426000
408 3479 1425000
403 3475 1424000
405 3483 1423000
406 3474 1422000
410 3471 1421000
401 3450 1420000
399 3457 1419000
401 3498 1418000
398 3447 1417000
399 3446 1416000
401 3442 1415000
397 3436 1414000
397 3440 1413000
397 3439 1412000
396 3438 1411000
406 3454 1410000
400 3430 1409000
396 3437 1408000
394 3427 1407000
396 3421 1406000
395 3423 1405000
397 3416 1404000
394 3434 1403000
404 3434 1402000
395 3412 1401000
396 3420 1400000
394 3411 1399000
392 3405 1398000
393 3406 1397000
393 3393 1396000
392 3422 1395000
399 3395 1394000
389 3391 1393000
392 3386 1392000
391 3393 1391000
395 3387 1390000
389 3388 1389000
392 3390 1388000
390 3431 1387000
393 3384 1386000
390 3372 1385000
389 3385 1384000
397 3379 1383000
394 3374 1382000
395 3376 1381000
392 3375 1380000
387 3394 1379000
400 3362 1378000
389 3351 1377000
390 3351 1376000
389 3347 1375000
386 3354 1374000
388 3353 1373000
387 3333 1372000
384 3384 1371000
385 3354 1370000
388 3341 1369000
387 3337 1368000
383 3345 1367000
385 3324 1366000
385 3331 1365000
382 3329 1364000
383 3349 1363000
390 3316 1362000
382 3323 1361000
382 3313 1360000
386 3319 1359000
381 3320 1358000
380 3311 1357000
381 3310 1356000
381 3338 1355000
389 3311 1354000
379 3299 1353000
380 3300 1352000
383 3296 1351000
382 3304 1350000
383 3288 1349000
378 3297 1348000
382 3304 1347000
393 3299 1346000
379 3276 1345000
378 3276 1344000
377 3275 1343000
377 3272 1342000
379 3282 1341000
379 3273 1340000
376 3271 1339000
388 3294 1338000
377 3267 1337000
381 3265 1336000
375 3258 1335000
374 3253 1334000
375 3258 1333000
374 3255 1332000
373 3248 1331000
374 3287 1330000
379 3249 1329000
372 3246 1328000
380 3244 1327000
373 3239 1326000
370 3237 1325000
380 3246 1324000
375 3238 1323000
369 3285 1322000
376 3229 1321000
371 3225 1320000
371 3227 1319000
372 3222 1318000
367 3219 1317000
371 3211 1316000
369 3208 1315000
371 3226 1314000
376 3216 1313000
366 3203 1312000
368 3195 1311000
374 3194 1310000
370 3191 1309000
370 3197 1308000
366 3204 1307000
365 3183 1306000
372 3223 1305000
365 3183 1304000
365 3183 1303000
369 3173 1302000
368 3171 1301000
372 3168 1300000
363 3161 1299000
364 3169 1298000
362 3188 1297000
370 3162 1296000
365 3152 1295000
365 3152 1294000
362 3148 1293000
361 3154 1292000
364 3177 1291000
363 3145 1290000
369 3147 1289000
367 3180 1288000
364 3135 1287000
362 3136 1286000
362 3128 1285000
360 3122 1284000
362 3127 1283000
359 3124 1282000
361 3114 1281000
358 3122 1280000
367 3168 1279000
363 3106 1278000
356 3108 1277000
357 3106 1276000
361 3103 1275000
361 3107 1274000
355 3099 1273000
360 3099 1272000
363 3128 1271000
362 3098 1270000
360 3092 1269000
361 3088 1268000
360 3084 1267000
359 3083 1266000
355 3081 1265000
358 3070 1264000
352 3075 1263000
359 3135 1262000
358 3071 1261000
357 3068 1260000
353 3071 1259000
352 3068 1258000
352 3060 1257000
353 3060 1256000
351 3054 1255000
351 3063 1254000
360 3081 1253000
352 3047 1252000
352 3047 1251000
354 3039 1250000
349 3042 1249000
352 3039 1248000
348 3036 1247000
351 3030 1246000
351 3044 1245000
360 3044 1244000
349 3023 1243000
353 3023 1242000
346 3020 1241000
348 3016 1240000
349 3007 1239000
350 3011 1238000
349 3002 1237000
350 3033 1236000
359 3017 1235000
349 2998 1234000
349 2996 1233000
347 2996 1232000
349 2990 1231000
346 2993 1230000
347 2989 1229000
345 2993 1228000
346 3015 1227000
351 2991 1226000
346 2980 1225000
346 2975 1224000
344 2977 1223000
345 2974 1222000
342 2980 1221000
344 2965 1220000
344 2981 1219000
344 3009 1218000
349 2966 1217000
344 2952 1216000
344 2950 1215000
342 2947 1214000
343 2952 1213000
345 2951 1212000
341 2938 1211000
342 2943 1210000
341 2967 1209000
349 2952 1208000
339 2931 1207000
340 2932 1206000
340 2930 1205000
340 2926 1204000
341 2924 1203000
339 2922 1202000
339 2921 1201000
342 2941 1200000
380 2969 1199000
339 2920 1198000
338 2914 1197000
339 2912 1196000
343 2907 1195000
338 2902 1194000
337 2901 1193000
336 2903 1192000
338 2896 1191000
341 2932 1190000
336 2887 1189000
334 2886 1188000
335 2886 1187000
334 2887 1186000
334 2883 1185000
336 2876 1184000
334 2876 1183000
333 2867 1182000
334 2934 1181000
332 2865 1180000
332 2875 1179000
332 2866 1178000
331 2865 1177000
334 2860 1176000
331 2851 1175000
331 2852 1174000
329 2849 1173000
332 2864 1172000
341 2863 1171000
330 2841 1170000
329 2838 1169000
331 2838 1168000
328 2837 1167000
329 2836 1166000
328 2828 1165000
327 2831 1164000
327 2824 1163000
327 2872 1162000
327 2828 1161000
326 2813 1160000
325 2820 1159000
326 2813 1158000
326 2810 1157000
325 2807 1156000
325 2806 1155000
325 2805 1154000
325 2833 1153000
328 2821 1152000
324 2792 1151000
323 2796 1150000
323 2794 1149000
325 2789 1148000
325 2802 1147000
318 2791 1146000
325 2784 1145000
318 2790 1144000
317 2819 1143000
323 2788 1142000
316 2778 1141000
321 2771 1140000
322 2769 1139000
322 2770 1138000
317 2774 1137000
321 2767 1136000
317 2767 1135000
321 2755 1134000
323 2785 1133000
318 2755 1132000
316 2751 1131000
317 2746 1130000
316 2745 1129000
315 2744 1128000
315 2737 1127000
320 2742 1126000
315 2731 1125000
314 2746 1124000
327 2759 1123000
315 2735 1122000
313 2733 1121000
316 2727 1120000
317 2719 1119000
312 2722 1118000
310 2714 1117000
309 2719 1116000
314 2727 1115000
314 2740 1114000
318 2720 1113000
309 2706 1112000
315 2702 1111000
314 2699 1110000
313 2700 1109000
313 2711 1108000
320 2750 1107000
313 2696 1106000
311 2693 1105000
307 2727 1104000
315 2692 1103000
313 2697 1102000
311 2686 1101000
309 2683 1100000
311 2675 1099000
305 2679 1098000
311 2668 1097000
307 2672 1096000
309 2669 1095000
304 2690 1094000
314 2678 1093000
306 2671 1092000
306 2668 1091000
307 2668 1090000
309 2672 1089000
307 2667 1088000
306 2669 1087000
310 2666 1086000
307 2659 1085000
307 2679 1084000
311 2668 1083000
309 2652 1082000
305 2655 1081000
303 2647 1080000
308 2649 1079000
302 2645 1078000
300 2645 1077000
302 2636 1076000
304 2639 1075000
304 2638 1074000
309 2645 1073000
300 2622 1072000
306 2627 1071000
302 2622 1070000
303 2622 1069000
301 2616 1068000
302 2613 1067000
302 2609 1066000
299 2609 1065000
300 2607 1064000
305 2871 1063000
307 2728 1062000
305 2748 1061000
308 2714 1060000
309 2774 1059000
306 2723 1058000
303 2596 1057000
303 2588 1056000
298 2589 1055000
296 2588 1054000
302 2615 1053000
295 2581 1052000
297 2572 1051000
301 2573 1050000
299 2569 1049000
299 2565 1048000
297 2567 1047000
300 2561 1046000
297 2556 1045000
297 2559 1044000
296 2572 1043000
307 2559 1042000
295 2546 1041000
297 2549 1040000
296 2545 1039000
297 2541 1038000
291 2541 1037000
292 2536 1036000
289 2528 1035000
292 2524 1034000
290 2522 1033000
288 2560 1032000
287 2518 1031000
291 2517 1030000
289 2517 1029000
292 2507 1028000
289 2513 1027000
286 2505 1026000
288 2501 1025000
288 2504 1024000
287 2498 1023000
286 2510 1022000
290 2523 1021000
288 2496 1020000
286 2499 1019000
288 2495 1018000
287 2486 1017000
284 2481 1016000
285 2481 1015000
284 2478 1014000
284 2480 1013000
284 2483 1012000
287 2491 1011000
287 2484 1010000
279 2469 1009000
283 2466 1008000
279 2464 1007000
283 2489 1006000
281 2457 1005000
280 2451 1004000
278 2454 1003000
284 2453 1002000
282 2449 1001000
279 2471 1000000
282 2456 999000
279 2436 998000
279 2427 997000
278 2437 996000
279 2425 995000
277 2421 994000
277 2425 993000
277 2411 992000
277 2416 991000
279 2408 990000
277 2425 989000
282 2445 988000
281 2399 987000
275 2404 986000
277 2400 985000
276 2397 984000
275 2396 983000
276 2393 982000
276 2381 981000
273 2389 980000
274 2389 979000
274 2386 978000
282 2402 977000
273 2369 976000
275 2375 975000
272 2375 974000
272 2364 973000
272 2369 972000
272 2367 971000
273 2362 970000
270 2353 969000
272 2351 968000
272 2352 967000
271 2389 966000
271 2348 965000
268 2350 964000
272 2337 963000
270 2333 962000
270 2341 961000
269 2338 960000
270 2335 959000
269 2328 958000
269 2329 957000
268 2323 956000
268 2342 955000
273 2339 954000
268 2317 953000
268 2313 952000
269 2313 951000
267 2307 950000
267 2310 949000
265 2306 948000
266 2303 947000
266 2302 946000
265 2298 945000
264 2297 944000
265 2334 943000
268 2288 942000
264 2285 941000
265 2284 940000
262 2281 939000
260 2278 938000
260 2276 937000
261 2280 936000
263 2267 935000
262 2276 934000
261 2267 933000
261 2273 932000
264 2315 931000
260 2265 930000
261 2253 929000
259 2261 928000
259 2250 927000
258 2256 926000
261 2253 925000
259 2245 924000
258 2248 923000
262 2246 922000
258 2241 921000
257 2238 920000
257 2271 919000
258 2230 918000
258 2226 917000
258 2223 916000
257 2226 915000
256 2229 914000
256 2222 913000
256 2216 912000
254 2215 911000
254 2216 910000
254 2212 909000
255 2215 908000
257 2257 907000
255 2201 906000
253 2208 905000
255 2197 904000
253 2199 903000
252 2192 902000
253 2192 901000
252 2191 900000
253 2185 899000
253 2181 898000
252 2180 897000
251 2185 896000
250 2200 895000
257 2180 894000
250 2172 893000
250 2167 892000
248 2166 891000
250 2163 890000
250 2163 889000
249 2176 888000
246 2180 887000
248 2165 886000
248 2162 885000
248 2158 884000
247 2166 883000
288 2286 882000
247 2154 881000
246 2148 880000
247 2153 879000
246 2144 878000
245 2137 877000
245 2132 876000
245 2140 875000
244 2135 874000
245 2126 873000
244 2123 872000
245 2122 871000
244 2164 870000
244 2121 869000
244 2121 868000
243 2117 867000
242 2112 866000
242 2118 865000
243 2107 864000
242 2108 863000
241 2105 862000
242 2093 861000
242 2093 860000
241 2093 859000
240 2101 858000
241 2148 857000
240 2085 856000
239 2081 855000
240 2081 854000
240 2080 853000
238 2075 852000
238 2072 851000
237 2076 850000
238 2065 849000
238 2065 848000
239 2062 847000
237 2062 846000
237 2062 845000
240 2091 844000
239 2062 843000
237 2056 842000
239 2057 841000
238 2049 840000
237 2050 839000
236 2044 838000
236 2040 837000
236 2037 836000
235 2037 835000
234 2035 834000
233 2036 833000
238 2036 832000
233 2059 831000
236 2024 830000
235 2016 829000
232 2022 828000
236 2016 827000
231 2015 826000
236 2012 825000
235 2007 824000
230 2009 823000
234 2008 822000
230 2004 821000
234 1996 820000
227 1994 819000
227 2013 818000
231 2002 817000
227 1988 816000
227 1982 815000
229 1988 814000
227 1989 813000
228 1980 812000
227 1972 811000
225 1974 810000
226 1966 809000
226 1973 808000
228 1965 807000
225 1963 806000
224 1967 805000
226 1999 804000
223 1961 803000
224 1955 802000
223 1950 801000
224 1956 800000
225 1947 799000
226 1948 798000
221 1944 797000
222 1938 796000
221 1935 795000
220 1939 794000
227 1932 793000
221 1921 792000
222 1931 791000
224 1944 790000
223 1920 789000
221 1915 788000
219 1910 787000
221 1917 786000
219 1905 785000
218 1899 784000
219 1899 783000
218 1896 782000
220 1902 781000
218 1898 780000
230 1914 779000
217 1887 778000
222 1895 777000
222 1913 776000
216 1877 775000
214 1873 774000
215 1878 773000
215 1876 772000
219 1867 771000
217 1864 770000
214 1863 769000
216 1858 768000
217 1855 767000
214 1849 766000
212 1853 765000
211 1859 764000
211 1853 763000
211 1879 762000
217 1853 761000
217 1845 760000
213 1843 759000
215 1842 758000
210 1838 757000
212 1832 756000
216 1838 755000
213 1828 754000
211 1828 753000
209 1827 752000
209 1821 751000
213 1821 750000
209 1814 749000
210 1822 748000
213 1839 747000
212 1811 746000
212 1817 745000
207 1811 744000
209 1801 743000
207 1798 742000
206 1794 741000
206 1794 740000
205 1787 739000
209 1788 738000
206 1783 737000
204 1773 736000
204 1773 735000
206 1777 734000
203 1775 733000
209 1809 732000
204 1769 731000
204 1764 730000
202 1760 729000
204 1762 728000
202 1761 727000
202 1756 726000
201 1759 725000
201 1750 724000
203 1751 723000
201 1746 722000
200 1742 721000
201 1741 720000
202 1745 719000
201 1746 718000
199 1762 717000
202 1743 716000
199 1728 715000
200 1729 714000
198 1723 713000
198 1726 712000
200 1716 711000
198 1723 710000
198 1716 709000
199 1722 708000
200 1713 707000
198 1706 706000
197 1708 705000
196 1709 704000
197 1703 703000
196 1703 702000
209 1725 701000
196 1695 700000
194 1689 699000
196 1692 698000
195 1687 697000
194 1680 696000
193 1684 695000
195 1677 694000
195 1679 693000
192 1671 692000
192 1670 691000
191 1668 690000
192 1670 689000
193 1660 688000
193 1666 687000
191 1670 686000
192 1686 685000
193 1656 684000
192 1647 683000
189 1654 682000
192 1652 681000
188 1648 680000
189 1640 679000
188 1643 678000
188 1638 677000
189 1640 676000
186 1631 675000
189 1631 674000
187 1629 673000
187 1623 672000
187 1630 671000
187 1627 670000
186 1649 669000
188 1626 668000
184 1621 667000
184 1613 666000
186 1615 665000
182 1609 664000
182 1607 663000
183 1606 662000
183 1604 661000
185 1604 660000
184 1601 659000
182 1593 658000
183 1592 657000
182 1589 656000
181 1585 655000
180 1585 654000
182 1586 653000
182 1619 652000
183 1586 651000
185 1579 650000
177 1575 649000
181 1577 648000
179 1568 647000
180 1569 646000
181 1570 645000
183 1560 644000
178 1564 643000
178 1554 642000
179 1558 641000
180 1549 640000
177 1547 639000
175 1549 638000
177 1541 637000
176 1542 636000
176 1558 635000
179 1547 634000
177 1535 633000
174 1531 632000
175 1530 631000
174 1527 630000
172 1521 629000
172 1518 628000
174 1521 627000
175 1525 626000
171 1519 625000
172 1515 624000
177 1515 623000
174 1512 622000
174 1508 621000
170 1508 620000
171 1504 619000
169 1509 618000
179 1525 617000
173 1508 616000
169 1500 615000
170 1495 614000
168 1491 613000
168 1489 612000
167 1489 611000
168 1485 610000
167 1482 609000
167 1477 608000
168 1478 607000
166 1476 606000
167 1474 605000
168 1471 604000
167 1465 603000
168 1465 602000
168 1469 601000
166 1462 600000
164 1482 599000
168 1457 598000
166 1452 597000
165 1451 596000
163 1450 595000
163 1447 594000
162 1443 593000
165 1438 592000
165 1438 591000
162 1434 590000
165 1429 589000
163 1445 588000
173 1457 587000
162 1429 586000
162 1423 585000
163 1425 584000
163 1423 583000
160 1415 582000
159 1437 581000
162 1430 580000
158 1409 579000
159 1409 578000
160 1405 577000
160 1404 576000
160 1402 575000
157 1398 574000
157 1395 573000
160 1393 572000
158 1390 571000
159 1391 570000
158 1393 569000
155 1386 568000
159 1385 567000
155 1380 566000
156 1382 565000
155 1380 564000
156 1378 563000
156 1376 562000
153 1389 561000
156 1373 560000
153 1405 559000
155 1359 558000
153 1358 557000
152 1356 556000
153 1359 555000
154 1360 554000
155 1355 553000
153 1350 552000
153 1351 551000
151 1347 550000
152 1348 549000
152 1344 548000
152 1349 547000
149 1339 546000
151 1341 545000
150 1337 544000
150 1331 543000
150 1332 542000
154 1360 541000
151 1332 540000
149 1321 539000
148 1317 538000
149 1324 537000
148 1314 536000
148 1313 535000
145 1309 534000
146 1304 533000
145 1309 532000
148 1299 531000
145 1300 530000
147 1294 529000
150 1299 528000
146 1299 527000
143 1291 526000
147 1290 525000
145 1282 524000
144 1286 523000
145 1286 522000
146 1287 521000
145 1295 520000
144 1275 519000
143 1269 518000
141 1266 517000
143 1270 516000
143 1262 515000
143 1262 514000
142 1256 513000
141 1255 512000
142 1253 511000
141 1261 510000
141 1251 509000
138 1241 508000
140 1244 507000
140 1242 506000
139 1238 505000
137 1235 504000
137 1233 503000
139 1236 502000
138 1229 501000
139 1229 500000
138 1248 499000
138 1235 498000
138 1221 497000
137 1219 496000
137 1214 495000
137 1212 494000
134 1206 493000
133 1207 492000
136 1203 491000
134 1203 490000
136 1200 489000
132 1194 488000
133 1196 487000
135 1194 486000
134 1190 485000
133 1184 484000
131 1183 483000
131 1182 482000
132 1179 481000
131 1174 480000
133 1175 479000
129 1175 478000
130 1176 477000
131 1183 476000
131 1161 475000
131 1160 474000
130 1151 473000
132 1154 472000
132 1149 471000
130 1145 470000
127 1141 469000
128 1146 468000
128 1136 467000
127 1134 466000
129 1131 465000
127 1126 464000
126 1128 463000
126 1126 462000
126 1122 461000
128 1119 460000
124 1120 459000
124 1114 458000
127 1112 457000
125 1110 456000
126 1107 455000
123 1106 454000
128 1139 453000
125 1127 452000
125 1098 451000
122 1096 450000
124 1094 449000
124 1096 448000
124 1093 447000
121 1090 446000
122 1084 445000
121 1081 444000
122 1088 443000
120 1079 442000
122 1077 441000
120 1071 440000
121 1070 439000
123 1074 438000
118 1064 437000
119 1069 436000
120 1059 435000
120 1059 434000
117 1057 433000
122 1053 432000
118 1057 431000
117 1049 430000
118 1043 429000
117 1057 428000
119 1060 427000
118 1040 426000
117 1038 425000
116 1034 424000
115 1031 423000
114 1032 422000
114 1025 421000
115 1022 420000
113 1023 419000
115 1019 418000
115 1019 417000
114 1016 416000
112 1010 415000
113 1010 414000
113 1008 413000
112 1007 412000
110 1004 411000
112 1004 410000
111 998 409000
110 1003 408000
110 995 407000
113 995 406000
112 993 405000
112 986 404000
111 986 403000
110 990 402000
113 1008 401000
110 992 400000
108 976 399000
110 977 398000
107 972 397000
106 969 396000
107 965 395000
110 962 394000
110 968 393000
106 958 392000
108 958 391000
105 952 390000
105 953 389000
106 953 388000
106 949 387000
105 946 386000
105 943 385000
103 948 384000
104 943 383000
105 939 382000
105 934 381000
103 934 380000
103 928 379000
104 925 378000
101 925 377000
101 929 376000
103 920 375000
103 922 374000
101 929 373000
103 930 372000
102 922 371000
101 908 370000
100 908 369000
99 910 368000
99 906 367000
100 900 366000
99 899 365000
99 900 364000
99 898 363000
98 897 362000
97 891 361000
97 889 360000
98 887 359000
95 884 358000
98 882 357000
96 879 356000
97 882 355000
96 878 354000
95 875 353000
96 877 352000
95 871 351000
96 873 350000
94 873 349000
96 864 348000
95 860 347000
93 859 346000
93 855 345000
93 856 344000
94 860 343000
95 908 342000
96 874 341000
93 846 340000
92 842 339000
91 842 338000
92 862 337000
93 836 336000
90 837 335000
93 829 334000
90 829 333000
89 824 332000
89 825 331000
90 819 330000
88 816 329000
87 815 328000
89 820 327000
88 811 326000
88 809 325000
89 807 324000
87 805 323000
88 803 322000
86 797 321000
85 796 320000
89 795 319000
86 792 318000
86 789 317000
86 785 316000
86 784 315000
84 782 314000
88 780 313000
86 777 312000
82 775 311000
84 776 310000
85 783 309000
84 778 308000
83 773 307000
83 763 306000
83 761 305000
82 759 304000
82 756 303000
82 751 302000
80 750 301000
81 750 300000
80 746 299000
80 742 298000
81 743 297000
80 740 296000
80 735 295000
80 735 294000
79 729 293000
78 729 292000
79 730 291000
78 723 290000
77 724 289000
78 715 288000
77 713 287000
77 712 286000
77 709 285000
76 708 284000
76 704 283000
75 709 282000
75 699 281000
75 697 280000
75 697 279000
74 696 278000
73 690 277000
75 694 276000
74 687 275000
74 683 274000
73 683 273000
72 699 272000
74 690 271000
72 699 270000
72 668 269000
71 668 268000
73 667 267000
72 663 266000
71 663 265000
70 655 264000
69 655 263000
70 652 262000
69 651 261000
69 645 260000
68 644 259000
68 644 258000
68 635 257000
69 631 256000
68 634 255000
68 631 254000
67 629 253000
67 626 252000
67 623 251000
66 620 250000
66 616 249000
66 615 248000
65 609 247000
65 608 246000
64 616 245000
67 603 244000
64 607 243000
64 601 242000
63 602 241000
64 601 240000
63 591 239000
63 590 238000
63 594 237000
62 585 236000
62 583 235000
61 585 234000
61 582 233000
62 579 232000
61 576 231000
61 574 230000
60 583 229000
61 579 228000
60 575 227000
60 573 226000
59 558 225000
59 561 224000
59 558 223000
58 554 222000
58 550 221000
57 549 220000
57 548 219000
58 546 218000
58 545 217000
57 543 216000
56 536 215000
56 534 214000
56 531 213000
56 532 212000
55 531 211000
56 527 210000
54 526 209000
55 523 208000
54 518 207000
53 518 206000
55 515 205000
53 514 204000
53 510 203000
53 514 202000
53 505 201000
53 502 200000
52 498 199000
51 498 198000
50 500 197000
51 494 196000
51 493 195000
50 492 194000
51 488 193000
50 483 192000
49 479 191000
49 478 190000
49 480 189000
49 475 188000
48 470 187000
48 469 186000
48 466 185000
47 464 184000
47 461 183000
47 460 182000
47 459 181000
46 453 180000
46 455 179000
47 452 178000
46 452 177000
46 453 176000
46 452 175000
46 450 174000
45 448 173000
45 444 172000
44 438 171000
43 432 170000
43 430 169000
43 426 168000
43 431 167000
43 423 166000
42 423 165000
42 419 164000
42 417 163000
42 414 162000
41 413 161000
41 416 160000
40 408 159000
40 406 158000
40 403 157000
40 402 156000
39 397 155000
39 395 154000
39 395 153000
39 393 152000
38 391 151000
38 388 150000
39 386 149000
37 384 148000
37 379 147000
37 379 146000
36 378 145000
36 374 144000
36 374 143000
35 368 142000
35 366 141000
35 362 140000
35 365 139000
34 360 138000
34 356 137000
33 355 136000
33 353 135000
33 353 134000
33 348 133000
33 349 132000
33 349 131000
32 344 130000
31 342 129000
31 337 128000
31 336 127000
31 332 126000
30 329 125000
30 328 124000
30 328 123000
30 321 122000
30 321 121000
29 320 120000
29 317 119000
28 316 118000
28 314 117000
28 312 116000
27 309 115000
28 310 114000
27 308 113000
27 307 112000
27 307 111000
27 300 110000
26 299 109000
26 297 108000
26 296 107000
25 295 106000
24 296 105000
25 290 104000
25 289 103000
24 285 102000
24 288 101000
24 287 100000
23 283 99000
23 284 98000
23 282 97000
22 278 96000
22 274 95000
22 271 94000
22 265 93000
21 263 92000
20 260 91000
19 256 90000
19 256 89000
19 251 88000
18 249 87000
18 252 86000
16 249 85000
17 244 84000
16 239 83000
15 237 82000
14 235 81000
14 234 80000
13 228 79000
13 228 78000
13 223 77000
12 221 76000
11 221 75000
10 221 74000
9 221 73000
8 214 72000
7 210 71000
9 209 70000
7 207 69000
6 202 68000
5 200 67000
4 200 66000
4 197 65000
4 195 64000
3 191 63000
3 188 62000
3 186 61000
3 184 60000
3 180 59000
3 178 58000
4 177 57000
3 174 56000
3 172 55000
4 170 54000
3 167 53000
3 165 52000
3 167 51000
3 164 50000
2 156 49000
3 153 48000
1 152 47000
1 149 46000
2 146 45000
1 146 44000
1 142 43000
2 141 42000
2 137 41000
1 134 40000
1 132 39000
1 130 38000
1 128 37000
2 125 36000
2 123 35000
2 120 34000
0 119 33000
0 115 32000
2 112 31000
2 110 30000
0 108 29000
2 105 28000
2 102 27000
0 99 26000
2 96 25000
1 94 24000
0 91 23000
0 89 22000
1 85 21000
0 81 20000
0 78 19000
0 75 18000
0 71 17000
0 68 16000
0 65 15000
0 62 14000
0 58 13000
0 54 12000
0 51 11000
0 48 10000
0 44 9000
0 41 8000
0 38 7000
0 35 6000
0 31 5000
0 28 4000
0 25 3000
0 24 2000
0 23 1000
