8000 947999 4990000
4005 886171 4980000
3997 846999 4970000
4005 796499 4960000
3999 821749 4950000
3999 809124 4940000
4000 1184873 4930000
4001 1366435 4920000
3971 1368019 4910000
7980 1367227 4900000
3999 1367623 4890000
3999 1367425 4880000
4000 1367524 4870000
8000 1367474 4860000
4000 1367499 4850000
3999 1367486 4840000
4000 1367492 4830000
8002 1367489 4820000
3999 1367491 4810000
8000 1367490 4800000
3999 1367490 4790000
3995 1220000 4780000
3998 1293745 4770000
3999 1335999 4760000
4000 1393999 4750000
4010 1364999 4740000
3999 1379499 4730000
4004 1372249 4720000
3997 1375874 4710000
4000 1374061 4700000
4000 1374967 4690000
3997 1207971 4680000
8000 1016000 4670000
8000 892026 4660000
3999 954013 4650000
4000 839998 4640000
8000 803971 4630000
3999 821984 4620000
3972 812977 4610000
3998 811996 4600000
4003 871996 4590000
4000 841996 4580000
3999 856996 4570000
4000 792000 4560000
3999 851999 4550000
4000 803999 4540000
4002 827999 4530000
4000 815999 4520000
3999 821999 4510000
4002 818999 4500000
4005 820499 4490000
4000 819749 4480000
4000 820124 4470000
4000 819936 4460000
4003 820030 4450000
4000 819983 4440000
3996 820006 4430000
4000 819994 4420000
3999 820000 4410000
4001 819997 4400000
3999 819999 4390000
3999 880000 4380000
4002 849999 4370000
3999 864999 4360000
4004 783965 4350000
3999 856028 4340000
3999 792008 4330000
3991 824018 4320000
7999 808013 4310000
3999 823999 4300000
4000 875999 4290000
4000 849999 4280000
4000 862999 4270000
4000 856499 4260000
3999 859749 4250000
3999 858124 4240000
4000 858936 4230000
3999 858530 4220000
4001 858733 4210000
3999 858631 4200000
3999 858682 4190000
4000 858656 4180000
3999 858669 4170000
4000 858662 4160000
4001 858665 4150000
3998 858664 4140000
4000 858664 4130000
3999 795999 4120000
3999 827331 4110000
4003 811665 4100000
4000 827999 4090000
4001 879997 4080000
3999 853998 4070000
3998 866997 4060000
3998 1003970 4050000
4000 1311999 4040000
4000 964027 4030000
3999 1138013 4020000
4000 1071998 4010000
4000 1105005 4000000
4000 1088501 3990000
8013 1096753 3980000
7999 1092627 3970000
8001 1094690 3960000
4000 1093659 3950000
7999 1094174 3940000
3998 1093916 3930000
4000 1094045 3920000
3999 1093981 3910000
3999 1094013 3900000
7969 1093997 3890000
7998 1094005 3880000
4000 1094001 3870000
4000 1094003 3860000
3999 1094002 3850000
4000 807999 3840000
4000 875999 3830000
3999 899999 3820000
4000 887999 3810000
3999 893999 3800000
24000 1299998 3790000
4028 859999 3780000
4000 1079998 3770000
3996 969998 3760000
4000 799999 3750000
4000 884998 3740000
4000 842498 3730000
3999 863748 3720000
3971 853123 3710000
4001 858436 3700000
4004 855779 3690000
8000 857107 3680000
4000 856443 3670000
4001 856775 3660000
4000 856609 3650000
3999 856692 3640000
4000 856651 3630000
3999 856671 3620000
3996 856661 3610000
4000 856666 3600000
0 788000 3590000
3999 828000 3580000
3998 900001 3570000
4003 864000 3560000
4000 882000 3550000
3999 1231971 3540000
32000 1284027 3530000
3998 1257999 3520000
3999 1271013 3510000
3996 775998 3500000
4000 835999 3490000
4000 805998 3480000
4001 820998 3470000
0 813498 3460000
4000 817248 3450000
3999 815373 3440000
4000 816311 3430000
4002 815842 3420000
4004 816076 3410000
4000 815959 3400000
3999 816017 3390000
0 815988 3380000
3999 816002 3370000
3999 815995 3360000
3999 815998 3350000
4005 1035968 3340000
7999 1355998 3330000
7999 1076031 3320000
4002 883992 3310000
3999 796000 3300000
3998 1056009 3290000
3991 1008000 3280000
7969 1416028 3270000
3999 1212014 3260000
3999 799999 3250000
3999 948004 3240000
3994 900000 3230000
3999 924002 3220000
4000 912001 3210000
3998 918001 3200000
4027 915001 3190000
4028 916501 3180000
3999 915751 3170000
4000 916126 3160000
4000 915938 3150000
4003 916032 3140000
4027 915985 3130000
3972 916008 3120000
7998 915996 3110000
4028 916002 3100000
4000 792029 3090000
4000 903997 3080000
4000 863998 3070000
3972 852027 3060000
4000 858012 3050000
3999 839999 3040000
3980 888018 3030000
4007 1067964 3020000
7999 884033 3010000
3999 795993 3000000
4000 1107971 2990000
7999 1044028 2980000
3999 792000 2970000
3999 918014 2960000
4028 855007 2950000
0 886510 2940000
4000 870758 2930000
3999 878634 2920000
4000 874696 2910000
3970 876665 2900000
3999 875681 2890000
3971 876173 2880000
3998 875927 2870000
4000 876050 2860000
3972 875988 2850000
4005 876019 2840000
8030 811999 2830000
3999 943997 2820000
4005 927965 2810000
0 935981 2800000
4000 931973 2790000
0 787999 2780000
3999 996000 2770000
4000 1403968 2760000
3999 1032029 2750000
3999 772000 2740000
3998 844000 2730000
4004 871995 2720000
0 857997 2710000
4002 864996 2700000
0 861496 2690000
4000 863246 2680000
4004 862371 2670000
3999 862808 2660000
3999 862589 2650000
4000 862699 2640000
0 862644 2630000
3999 862671 2620000
3995 862657 2610000
4000 862664 2600000
3998 862661 2590000
4001 862662 2580000
4000 780000 2570000
3999 835999 2560000
4000 839999 2550000
4000 837999 2540000
3999 838999 2530000
3999 839999 2520000
0 916000 2510000
3999 799970 2500000
3999 857985 2490000
3999 784000 2480000
4002 859968 2470000
4028 804000 2460000
3999 831984 2450000
4000 817992 2440000
3997 824988 2430000
3995 821490 2420000
3998 823239 2410000
3998 822364 2400000
0 822801 2390000
3999 822583 2380000
3971 822692 2370000
4000 822637 2360000
0 822664 2350000
3999 822651 2340000
4000 822657 2330000
0 822654 2320000
4002 855998 2310000
0 879998 2300000
4000 867998 2290000
0 873998 2280000
4000 811998 2270000
3999 847999 2260000
0 811970 2250000
0 829984 2240000
3999 820977 2230000
3994 839999 2220000
3999 879999 2210000
0 859999 2200000
4000 869999 2190000
3999 864999 2180000
0 867499 2170000
3995 866249 2160000
0 866874 2150000
3970 866561 2140000
4000 866717 2130000
3999 866639 2120000
0 866678 2110000
4004 866659 2100000
4001 866668 2090000
4000 866663 2080000
4000 866666 2070000
3999 866664 2060000
3999 844000 2050000
3999 819998 2040000
4000 831999 2030000
0 825998 2020000
0 904029 2010000
3999 1340000 2000000
3999 803996 1990000
0 1071998 1980000
0 816001 1970000
0 867996 1960000
4000 783999 1950000
3999 825997 1940000
0 804998 1930000
0 815497 1920000
4000 810247 1910000
0 812872 1900000
4000 811560 1890000
0 812216 1880000
3999 811888 1870000
0 812052 1860000
4005 811970 1850000
0 812011 1840000
4000 811990 1830000
3999 812000 1820000
4000 811995 1810000
4000 811998 1800000
4000 884005 1790000
0 848001 1780000
4001 866003 1770000
0 783999 1760000
3999 843999 1750000
4000 799999 1740000
3999 821999 1730000
3999 810999 1720000
4000 819999 1710000
0 883999 1700000
3999 851999 1690000
4000 867999 1680000
0 859999 1670000
4000 863999 1660000
3995 861999 1650000
3999 862999 1640000
0 862499 1630000
3999 862749 1620000
0 862624 1610000
4006 862686 1600000
0 862655 1590000
3996 862670 1580000
3999 862662 1570000
4006 862666 1560000
4000 862664 1550000
3999 867971 1540000
7999 924027 1530000
3999 831999 1520000
4000 811970 1510000
0 868030 1500000
3997 939999 1490000
4000 771999 1480000
4002 787997 1470000
0 847999 1460000
4000 943971 1450000
4032 911995 1440000
0 927983 1430000
3998 796001 1420000
4001 861992 1410000
3999 828996 1400000
0 845494 1390000
3999 837245 1380000
4000 841369 1370000
0 839307 1360000
3999 840338 1350000
0 839822 1340000
4000 840080 1330000
4000 839951 1320000
0 840015 1310000
3997 839983 1300000
0 839999 1290000
3999 839991 1280000
4018 799971 1270000
0 1103999 1260000
3998 1144028 1250000
4000 855999 1240000
4001 795973 1230000
7996 788027 1220000
4000 859999 1210000
3971 923999 1200000
4028 1019983 1190000
4017 831997 1180000
4001 835969 1170000
4000 920033 1160000
4002 878001 1150000
3999 899017 1140000
4026 888509 1130000
3971 893763 1120000
0 891136 1110000
3975 892449 1100000
0 891792 1090000
4000 892121 1080000
4012 891956 1070000
3970 892038 1060000
3991 891997 1050000
0 892018 1040000
3974 892007 1030000
3980 892012 1020000
4000 795971 1010000
4027 835999 1000000
0 855999 990000
3999 871999 980000
0 863999 970000
0 908000 960000
3999 1031971 950000
0 1320021 940000
3979 920028 930000
3996 1120024 920000
4032 975995 910000
0 883999 900000
3999 929997 890000
3999 906998 880000
3999 918497 870000
4000 912747 860000
0 915622 850000
4000 914185 840000
4000 914903 830000
0 914544 820000
3999 914723 810000
4000 914633 800000
0 914678 790000
3999 914656 780000
3998 914667 770000
0 914661 760000
0 914664 750000
3996 795999 740000
0 924001 730000
3997 843974 720000
0 772024 710000
0 871970 700000
0 956028 690000
0 972003 680000
3997 1207968 670000
0 1215999 660000
3999 876029 650000
0 903998 640000
0 890013 630000
3985 897005 620000
3972 893509 610000
0 895257 600000
0 894383 590000
3999 894820 580000
0 894602 570000
3968 894711 560000
4000 894656 550000
0 894683 540000
4027 894670 530000
0 894676 520000
4026 894673 510000
3994 894674 500000
3999 920028 490000
4000 1199999 480000
3971 976027 470000
4000 807998 460000
4007 815992 450000
3999 911999 440000
3970 988028 430000
0 819999 420000
0 1095999 410000
4003 851999 400000
0 1039995 390000
4000 945997 380000
4000 992996 370000
0 969496 360000
0 981246 350000
0 975371 340000
0 978308 330000
3971 976839 320000
3999 977574 310000
3999 977206 300000
0 977390 290000
0 977298 280000
0 977344 270000
0 977321 260000
0 977332 250000
0 977326 240000
0 804003 230000
0 863994 220000
3999 833998 210000
0 848996 200000
0 771999 190000
0 831999 180000
3999 831999 170000
4000 831999 160000
3999 831999 150000
3997 808004 140000
0 859966 130000
0 833985 120000
0 846975 110000
4000 840480 100000
4001 843727 90000
4004 842103 80000
4004 842915 70000
4000 842509 60000
3999 842712 50000
0 815995 40000
0 829353 30000
3996 822674 20000
0 826013 10000
0 824343 0
