0 1000
0 2000
0 3000
0 4000
0 5000
0 6000
0 7000
0 8000
0 9000
0 10000
0 11000
0 12000
0 13000
0 14000
0.997 15000
0.997 16000
0.997 17000
0 18000
0 19000
0.997 20000
0.997 21000
0 22000
0 23000
0 24000
0.997 25000
0 26000
0.997 27000
0.998 28000
0.997 29000
0.997 30000
0 31000
0 32000
0.997 33000
0.997 34000
0.997 35000
0.997 36000
0.997 37000
0.997 38000
0.997 39000
0 40000
0.997 41000
0.997 42000
0.997 43000
0.997 44000
0.997 45000
0.997 46000
1.994 47000
2.017 48000
2.017 49000
1.022 50000
0.998 51000
0.998 52000
1.994 53000
0.997 54000
1.994 55000
1.994 56000
0.997 57000
1.995 58000
1.994 59000
1.994 60000
1.995 61000
1.994 62000
1.994 63000
1.994 64000
1.994 65000
1.994 66000
2.992 67000
1.994 68000
1.994 69000
1.995 70000
1.994 71000
1.994 72000
2.992 73000
1.994 74000
1.995 75000
1.995 76000
1.994 77000
1.994 78000
1.994 79000
2.992 80000
2.992 81000
2.992 82000
1.994 83000
2.992 84000
2.992 85000
2.991 86000
2.991 87000
2.992 88000
1.994 89000
2.992 90000
2.992 91000
2.992 92000
4.008 93000
3.989 94000
2.992 95000
3.989 96000
2.992 97000
2.992 98000
3.014 99000
3.989 100000
2.992 101000
2.992 102000
3.989 103000
2.992 104000
2.992 105000
2.992 106000
3.989 107000
4.986 108000
3.988 109000
3.989 110000
4.986 111000
3.989 112000
3.989 113000
3.988 114000
4.985 115000
4.986 116000
4.987 117000
4.986 118000
3.989 119000
4.986 120000
3.989 121000
3.989 122000
4.986 123000
4.986 124000
4.986 125000
4.986 126000
4.986 127000
4.986 128000
5.01 129000
3.989 130000
4.986 131000
4.986 132000
4.986 133000
4.986 134000
4.986 135000
4.986 136000
5.984 137000
4.986 138000
4.987 139000
4.986 140000
4.986 141000
4.986 142000
4.986 143000
5.984 144000
5.983 145000
4.986 146000
5.984 147000
5.984 148000
5.984 149000
5.984 150000
5.984 151000
5.984 152000
4.986 153000
6.981 154000
5.984 155000
5.983 156000
5.984 157000
5.984 158000
4.986 159000
5.984 160000
5.983 161000
5.984 162000
5.984 163000
5.984 164000
6.981 165000
5.984 166000
5.984 167000
5.984 168000
6.981 169000
6.981 170000
6.981 171000
6.981 172000
6.981 173000
6.981 174000
5.984 175000
6.981 176000
5.983 177000
6.981 178000
6.981 179000
6.981 180000
5.985 181000
5.984 182000
7.978 183000
7.978 184000
6.982 185000
7.944 186000
6.981 187000
6.981 188000
7.978 189000
8.005 190000
7.978 191000
6.981 192000
7.979 193000
7.978 194000
6.981 195000
7.978 196000
6.98 197000
6.981 198000
6.981 199000
6.981 200000
6.981 201000
6.981 202000
6.98 203000
6.981 204000
6.981 205000
6.981 206000
6.981 207000
6.981 208000
6.981 209000
6.981 210000
6.98 211000
7.979 212000
7.979 213000
7.977 214000
6.981 215000
6.981 216000
7.978 217000
7.978 218000
6.981 219000
7.978 220000
6.981 221000
6.981 222000
6.981 223000
7.978 224000
6.981 225000
6.981 226000
6.981 227000
7.978 228000
6.981 229000
6.981 230000
7.978 231000
7.978 232000
6.981 233000
6.981 234000
6.981 235000
7.978 236000
7.978 237000
6.981 238000
6.981 239000
7.978 240000
7.978 241000
7.978 242000
7.978 243000
9.012 244000
7.978 245000
7.978 246000
8.975 247000
7.978 248000
7.977 249000
8.978 250000
7.98 251000
7.978 252000
9.007 253000
7.978 254000
8.972 255000
7.945 256000
10.031 257000
8.975 258000
8.975 259000
8.972 260000
8.976 261000
8.97 262000
8.976 263000
9.034 264000
9.026 265000
8.976 266000
8.978 267000
8.975 268000
9.033 269000
8.972 270000
8.974 271000
9.973 272000
10.031 273000
10.031 274000
10.03 275000
10.032 276000
9.974 277000
9.974 278000
9.972 279000
9.973 280000
8.976 281000
10.03 282000
9.97 283000
8.971 284000
9.969 285000
9.973 286000
9.977 287000
9.973 288000
9.973 289000
9.972 290000
9.973 291000
9.973 292000
11.017 293000
9.973 294000
9.973 295000
9.973 296000
9.972 297000
9.974 298000
9.972 299000
10.975 300000
9.975 301000
9.97 302000
9.968 303000
9.977 304000
9.974 305000
9.996 306000
10.966 307000
9.973 308000
9.969 309000
10.971 310000
10.969 311000
10.969 312000
12.025 313000
10.97 314000
11.964 315000
10.967 316000
10.939 317000
12.964 318000
11.968 319000
11.965 320000
11.991 321000
11.97 322000
11.97 323000
11.97 324000
11.968 325000
12.025 326000
12.025 327000
12.025 328000
11.968 329000
11.969 330000
11.969 331000
11.993 332000
11.968 333000
11.966 334000
11.965 335000
11.965 336000
11.967 337000
11.969 338000
11.969 339000
11.97 340000
11.964 341000
13.024 342000
11.966 343000
11.967 344000
13.024 345000
12.966 346000
11.969 347000
13.025 348000
12.965 349000
12.963 350000
12.962 351000
11.97 352000
12.965 353000
12.965 354000
11.965 355000
12.962 356000
11.965 357000
11.967 358000
12.965 359000
11.967 360000
11.967 361000
11.967 362000
12.965 363000
12.965 364000
11.968 365000
11.967 366000
11.968 367000
12.965 368000
12.965 369000
12.965 370000
12.965 371000
12.965 372000
12.965 373000
12.965 374000
12.965 375000
13.962 376000
12.965 377000
12.965 378000
12.965 379000
12.965 380000
12.965 381000
12.965 382000
13.962 383000
12.965 384000
12.965 385000
12.965 386000
12.965 387000
13.962 388000
13.962 389000
13.962 390000
13.962 391000
13.962 392000
13.962 393000
13.962 394000
13.962 395000
13.962 396000
13.962 397000
13.962 398000
14.959 399000
13.962 400000
14.959 401000
13.962 402000
13.962 403000
13.962 404000
14.96 405000
13.962 406000
13.962 407000
13.962 408000
14.959 409000
14.959 410000
13.962 411000
13.962 412000
13.962 413000
14.959 414000
14.959 415000
13.962 416000
13.962 417000
13.962 418000
14.96 419000
14.959 420000
14.959 421000
14.959 422000
14.959 423000
14.959 424000
14.959 425000
14.959 426000
13.962 427000
14.959 428000
14.96 429000
14.959 430000
15.957 431000
14.959 432000
14.96 433000
15.957 434000
14.96 435000
14.959 436000
14.96 437000
14.96 438000
15.957 439000
14.959 440000
14.959 441000
14.96 442000
14.959 443000
14.96 444000
14.959 445000
15.957 446000
15.957 447000
14.959 448000
14.959 449000
14.959 450000
15.957 451000
15.957 452000
16.954 453000
16.954 454000
16.954 455000
16.954 456000
16.954 457000
16.954 458000
16.954 459000
16.955 460000
16.954 461000
16.954 462000
16.954 463000
16.954 464000
16.954 465000
16.954 466000
16.954 467000
16.954 468000
16.954 469000
16.954 470000
16.954 471000
16.954 472000
16.954 473000
16.954 474000
16.954 475000
16.954 476000
16.954 477000
16.954 478000
16.954 479000
17.951 480000
16.954 481000
16.954 482000
16.954 483000
17.951 484000
17.951 485000
16.954 486000
17.952 487000
16.954 488000
17.951 489000
17.951 490000
16.954 491000
18.949 492000
17.951 493000
16.954 494000
16.954 495000
17.951 496000
17.951 497000
17.951 498000
17.951 499000
17.951 500000
17.952 501000
17.951 502000
17.952 503000
17.952 504000
17.952 505000
17.951 506000
17.951 507000
17.951 508000
17.952 509000
17.951 510000
17.951 511000
17.951 512000
17.952 513000
17.951 514000
17.951 515000
17.952 516000
17.959 517000
18.949 518000
19.946 519000
18.949 520000
18.949 521000
18.949 522000
18.949 523000
18.949 524000
18.949 525000
19.946 526000
18.949 527000
19.946 528000
18.949 529000
19.946 530000
18.949 531000
19.946 532000
19.946 533000
18.949 534000
18.949 535000
18.949 536000
19.946 537000
19.946 538000
18.949 539000
18.949 540000
18.949 541000
18.949 542000
18.949 543000
18.949 544000
19.946 545000
19.946 546000
19.946 547000
19.946 548000
19.946 549000
19.946 550000
19.946 551000
19.946 552000
19.946 553000
19.946 554000
20.944 555000
21.941 556000
20.943 557000
21.941 558000
20.943 559000
20.943 560000
21.941 561000
20.943 562000
20.944 563000
20.943 564000
20.944 565000
20.943 566000
20.943 567000
20.944 568000
20.943 569000
20.943 570000
20.944 571000
20.943 572000
20.943 573000
20.943 574000
20.943 575000
21.941 576000
21.941 577000
21.941 578000
21.941 579000
20.944 580000
20.944 581000
21.941 582000
20.943 583000
21.941 584000
20.943 585000
21.941 586000
21.941 587000
21.941 588000
20.944 589000
21.941 590000
20.943 591000
21.941 592000
21.941 593000
21.941 594000
21.941 595000
21.938 596000
21.941 597000
22.993 598000
21.94 599000
22.995 600000
21.943 601000
21.939 602000
21.941 603000
21.94 604000
22.996 605000
21.935 606000
22.995 607000
21.94 608000
22.938 609000
21.94 610000
21.94 611000
22.939 612000
22.997 613000
22.939 614000
22.939 615000
21.941 616000
21.942 617000
22.995 618000
22.938 619000
22.937 620000
22.937 621000
22.937 622000
23.994 623000
22.939 624000
22.939 625000
22.938 626000
22.881 627000
22.972 628000
22.937 629000
22.936 630000
23.901 631000
22.939 632000
23.963 633000
22.941 634000
23.979 635000
23.936 636000
23.935 637000
23.936 638000
23.936 639000
23.936 640000
24.934 641000
24.935 642000
24.934 643000
23.936 644000
24.979 645000
24.99 646000
24.932 647000
23.936 648000
24.939 649000
24.932 650000
24.932 651000
23.933 652000
24.964 653000
24.934 654000
23.936 655000
23.873 656000
23.935 657000
24.964 658000
26.954 659000
24.926 660000
24.932 661000
25.933 662000
24.931 663000
24.933 664000
25.93 665000
24.96 666000
25.992 667000
24.93 668000
25.959 669000
24.933 670000
24.93 671000
25.926 672000
24.93 673000
25.93 674000
24.93 675000
24.93 676000
25.933 677000
24.93 678000
25.985 679000
24.935 680000
25.932 681000
25.953 682000
25.932 683000
25.931 684000
24.933 685000
25.988 686000
25.93 687000
26.919 688000
25.939 689000
25.988 690000
25.928 691000
25.929 692000
25.927 693000
25.931 694000
25.931 695000
25.93 696000
25.931 697000
25.988 698000
25.931 699000
25.93 700000
26.985 701000
25.929 702000
26.985 703000
25.931 704000
25.93 705000
26.986 706000
25.931 707000
25.93 708000
25.93 709000
25.93 710000
25.93 711000
26.927 712000
25.931 713000
26.927 714000
26.927 715000
26.927 716000
26.928 717000
26.928 718000
26.927 719000
27.925 720000
26.928 721000
26.927 722000
26.927 723000
27.925 724000
26.928 725000
26.928 726000
26.927 727000
27.925 728000
26.928 729000
26.927 730000
26.927 731000
26.928 732000
27.925 733000
26.927 734000
26.928 735000
27.925 736000
26.927 737000
27.925 738000
27.925 739000
26.928 740000
27.925 741000
26.927 742000
27.925 743000
27.925 744000
26.928 745000
27.924 746000
27.925 747000
27.949 748000
28.922 749000
27.924 750000
27.928 751000
28.973 752000
27.949 753000
27.923 754000
28.98 755000
27.924 756000
27.924 757000
27.922 758000
27.924 759000
28.979 760000
27.925 761000
28.981 762000
27.925 763000
28.98 764000
27.927 765000
28.921 766000
29.914 767000
28.946 768000
29.914 769000
28.922 770000
29.978 771000
28.923 772000
28.918 773000
28.98 774000
28.922 775000
29.919 776000
29.918 777000
29.922 778000
30.91 779000
28.951 780000
28.923 781000
28.922 782000
30.974 783000
29.922 784000
30.977 785000
29.917 786000
30.974 787000
29.917 788000
30.915 789000
29.916 790000
29.92 791000
29.92 792000
29.918 793000
29.92 794000
29.917 795000
30.859 796000
29.92 797000
29.917 798000
29.945 799000
30.974 800000
29.919 801000
29.921 802000
29.921 803000
29.92 804000
29.92 805000
29.918 806000
29.918 807000
29.943 808000
29.919 809000
30.917 810000
30.917 811000
29.921 812000
29.921 813000
29.92 814000
30.975 815000
30.913 816000
30.917 817000
30.861 818000
30.914 819000
30.915 820000
30.941 821000
30.979 822000
30.914 823000
30.914 824000
30.92 825000
30.92 826000
30.917 827000
30.919 828000
31.852 829000
31.914 830000
32.961 831000
31.914 832000
33.908 833000
32.915 834000
31.915 835000
32.967 836000
32.856 837000
32.878 838000
32.911 839000
32.907 840000
32.914 841000
32.912 842000
33.964 843000
32.911 844000
32.911 845000
33.91 846000
33.91 847000
34.907 848000
33.909 849000
33.908 850000
33.907 851000
33.907 852000
33.909 853000
32.911 854000
32.911 855000
32.911 856000
32.911 857000
32.912 858000
32.912 859000
32.911 860000
32.911 861000
33.909 862000
35.903 863000
32.881 864000
32.937 865000
33.909 866000
34.85 867000
33.929 868000
33.913 869000
33.909 870000
33.964 871000
33.906 872000
33.854 873000
40.891 874000
35.958 875000
35.93 876000
35.907 877000
36.955 878000
35.905 879000
36.845 880000
36.869 881000
35.866 882000
39.95 883000
36.958 884000
36.846 885000
35.925 886000
35.904 887000
36.868 888000
36.922 889000
36.902 890000
34.921 891000
35.936 892000
35.933 893000
35.907 894000
35.882 895000
36.902 896000
36.923 897000
36.866 898000
37.953 899000
39.893 900000
39.894 901000
36.934 902000
36.901 903000
44.88 904000
37.898 905000
49.867 906000
78.789 907000
48.856 908000
44.879 909000
36.901 910000
36.902 911000
35.904 912000
39.894 913000
37.898 914000
36.901 915000
35.903 916000
35.904 917000
35.904 918000
35.903 919000
35.903 920000
36.901 921000
35.903 922000
36.901 923000
36.901 924000
38.896 925000
36.901 926000
36.901 927000
63.829 928000
39.894 929000
41.886 930000
39.893 931000
37.898 932000
41.889 933000
38.895 934000
38.895 935000
36.901 936000
35.903 937000
35.904 938000
36.901 939000
36.925 940000
36.845 941000
36.922 942000
38.84 943000
50.903 944000
48.832 945000
48.87 946000
45.878 947000
45.877 948000
46.875 949000
39.894 950000
38.893 951000
39.893 952000
38.896 953000
38.895 954000
39.928 955000
39.893 956000
39.892 957000
41.832 958000
39.892 959000
38.926 960000
37.897 961000
37.953 962000
37.92 963000
36.903 964000
36.903 965000
37.955 966000
36.9 967000
37.899 968000
38.896 969000
37.904 970000
37.84 971000
37.924 972000
36.897 973000
36.901 974000
37.959 975000
37.898 976000
37.898 977000
37.898 978000
37.898 979000
37.842 980000
37.897 981000
38.953 982000
37.895 983000
38.896 984000
37.955 985000
37.898 986000
37.898 987000
37.898 988000
37.898 989000
37.898 990000
37.898 991000
37.898 992000
37.898 993000
37.898 994000
37.898 995000
37.898 996000
38.918 997000
38.903 998000
38.898 999000
38.921 1000000
39.893 1001000
39.893 1002000
38.892 1003000
38.892 1004000
38.892 1005000
38.958 1006000
38.953 1007000
38.956 1008000
38.9 1009000
38.9 1010000
38.9 1011000
38.899 1012000
38.896 1013000
38.895 1014000
38.895 1015000
38.89 1016000
38.896 1017000
38.895 1018000
39.95 1019000
38.9 1020000
38.896 1021000
40.889 1022000
39.893 1023000
39.892 1024000
38.895 1025000
38.893 1026000
39.954 1027000
38.899 1028000
45.878 1029000
40.91 1030000
39.892 1031000
39.895 1032000
39.893 1033000
39.892 1034000
39.918 1035000
39.893 1036000
39.893 1037000
39.893 1038000
39.89 1039000
39.893 1040000
39.918 1041000
39.893 1042000
39.867 1043000
40.916 1044000
39.893 1045000
40.95 1046000
40.893 1047000
40.89 1048000
40.883 1049000
39.894 1050000
39.892 1051000
40.887 1052000
40.891 1053000
40.89 1054000
40.888 1055000
39.893 1056000
39.895 1057000
40.947 1058000
40.833 1059000
40.893 1060000
41.89 1061000
40.947 1062000
40.888 1063000
40.887 1064000
40.893 1065000
40.889 1066000
40.89 1067000
41.945 1068000
40.887 1069000
40.893 1070000
40.894 1071000
40.886 1072000
40.891 1073000
41.947 1074000
40.891 1075000
41.856 1076000
40.888 1077000
41.884 1078000
40.882 1079000
41.936 1080000
41.907 1081000
40.891 1082000
41.945 1083000
43.876 1084000
42.943 1085000
41.833 1086000
41.947 1087000
42.884 1088000
41.887 1089000
41.855 1090000
42.91 1091000
42.885 1092000
41.886 1093000
42.883 1094000
41.888 1095000
41.83 1096000
41.89 1097000
41.89 1098000
41.913 1099000
41.887 1100000
41.884 1101000
42.884 1102000
42.886 1103000
41.888 1104000
42.943 1105000
42.821 1106000
42.892 1107000
42.885 1108000
42.886 1109000
44.879 1110000
43.883 1111000
43.824 1112000
42.911 1113000
42.885 1114000
42.885 1115000
44.939 1116000
42.885 1117000
43.939 1118000
43.883 1119000
42.827 1120000
42.914 1121000
42.916 1122000
42.884 1123000
43.941 1124000
43.879 1125000
43.882 1126000
43.825 1127000
42.885 1128000
43.913 1129000
44.912 1130000
42.883 1131000
43.88 1132000
43.826 1133000
43.912 1134000
43.883 1135000
43.883 1136000
43.88 1137000
42.885 1138000
44.937 1139000
44.902 1140000
43.886 1141000
44.937 1142000
44.879 1143000
43.882 1144000
43.94 1145000
44.875 1146000
44.88 1147000
43.881 1148000
44.879 1149000
43.882 1150000
43.882 1151000
44.879 1152000
43.882 1153000
43.882 1154000
43.882 1155000
43.882 1156000
43.882 1157000
43.882 1158000
44.879 1159000
44.88 1160000
43.882 1161000
43.882 1162000
43.882 1163000
44.879 1164000
45.877 1165000
43.882 1166000
43.882 1167000
44.88 1168000
44.88 1169000
44.879 1170000
44.88 1171000
45.877 1172000
44.879 1173000
45.877 1174000
44.879 1175000
44.879 1176000
44.879 1177000
44.879 1178000
44.879 1179000
45.877 1180000
44.879 1181000
46.874 1182000
45.877 1183000
45.877 1184000
44.879 1185000
45.877 1186000
44.879 1187000
45.876 1188000
44.879 1189000
45.877 1190000
45.877 1191000
44.88 1192000
45.877 1193000
45.877 1194000
45.877 1195000
45.877 1196000
45.877 1197000
45.877 1198000
46.874 1199000
45.877 1200000
46.874 1201000
46.874 1202000
45.902 1203000
46.931 1204000
46.874 1205000
46.872 1206000
46.895 1207000
46.874 1208000
45.876 1209000
46.874 1210000
46.874 1211000
45.878 1212000
46.931 1213000
46.931 1214000
46.931 1215000
46.873 1216000
46.876 1217000
46.875 1218000
48.811 1219000
47.871 1220000
48.869 1221000
47.871 1222000
47.872 1223000
47.872 1224000
47.871 1225000
48.869 1226000
47.872 1227000
48.868 1228000
47.871 1229000
47.872 1230000
48.868 1231000
47.872 1232000
48.869 1233000
47.871 1234000
47.87 1235000
48.903 1236000
48.869 1237000
47.869 1238000
49.866 1239000
47.872 1240000
47.894 1241000
47.874 1242000
48.869 1243000
47.872 1244000
48.926 1245000
48.928 1246000
47.872 1247000
47.867 1248000
48.925 1249000
47.871 1250000
48.891 1251000
47.871 1252000
47.871 1253000
47.869 1254000
47.872 1255000
47.871 1256000
48.927 1257000
48.928 1258000
47.871 1259000
48.926 1260000
48.868 1261000
48.868 1262000
47.871 1263000
48.834 1264000
48.869 1265000
49.928 1266000
48.872 1267000
48.866 1268000
48.868 1269000
49.865 1270000
48.887 1271000
47.898 1272000
47.872 1273000
47.877 1274000
48.87 1275000
48.87 1276000
48.869 1277000
48.868 1278000
48.863 1279000
48.87 1280000
48.869 1281000
49.919 1282000
48.868 1283000
48.867 1284000
48.869 1285000
49.868 1286000
48.869 1287000
51.918 1288000
49.869 1289000
50.922 1290000
49.862 1291000
49.864 1292000
49.866 1293000
49.866 1294000
48.869 1295000
49.866 1296000
49.866 1297000
49.866 1298000
49.866 1299000
49.866 1300000
49.866 1301000
49.866 1302000
49.866 1303000
49.866 1304000
50.863 1305000
50.864 1306000
50.864 1307000
49.866 1308000
50.864 1309000
50.864 1310000
49.865 1311000
50.863 1312000
49.866 1313000
50.864 1314000
49.867 1315000
49.866 1316000
50.863 1317000
50.863 1318000
50.863 1319000
50.864 1320000
50.864 1321000
49.866 1322000
50.863 1323000
49.866 1324000
49.866 1325000
50.864 1326000
49.866 1327000
50.864 1328000
51.86 1329000
50.863 1330000
50.864 1331000
50.864 1332000
51.861 1333000
50.863 1334000
50.864 1335000
50.863 1336000
50.864 1337000
50.864 1338000
50.863 1339000
51.862 1340000
51.859 1341000
50.862 1342000
51.861 1343000
51.861 1344000
51.861 1345000
51.861 1346000
50.863 1347000
50.864 1348000
51.861 1349000
50.863 1350000
51.861 1351000
51.861 1352000
51.861 1353000
51.861 1354000
51.861 1355000
51.861 1356000
51.861 1357000
51.861 1358000
51.861 1359000
51.861 1360000
51.861 1361000
50.863 1362000
51.861 1363000
51.861 1364000
51.861 1365000
51.862 1366000
51.861 1367000
51.861 1368000
51.861 1369000
51.861 1370000
52.858 1371000
51.861 1372000
51.861 1373000
51.861 1374000
53.855 1375000
51.861 1376000
51.861 1377000
52.858 1378000
52.858 1379000
52.858 1380000
53.855 1381000
52.858 1382000
52.858 1383000
52.858 1384000
52.858 1385000
52.859 1386000
52.858 1387000
53.855 1388000
52.858 1389000
52.858 1390000
52.858 1391000
53.856 1392000
52.858 1393000
52.858 1394000
52.858 1395000
53.855 1396000
53.856 1397000
53.856 1398000
52.858 1399000
53.855 1400000
52.858 1401000
52.858 1402000
52.859 1403000
52.858 1404000
52.858 1405000
52.858 1406000
52.858 1407000
52.858 1408000
53.855 1409000
53.856 1410000
53.855 1411000
53.856 1412000
54.853 1413000
53.855 1414000
53.856 1415000
54.853 1416000
54.853 1417000
53.855 1418000
53.856 1419000
55.85 1420000
53.856 1421000
53.856 1422000
54.853 1423000
54.853 1424000
53.856 1425000
53.855 1426000
53.856 1427000
54.853 1428000
53.855 1429000
53.855 1430000
54.853 1431000
53.855 1432000
54.853 1433000
55.85 1434000
54.853 1435000
54.853 1436000
54.853 1437000
54.853 1438000
54.853 1439000
54.853 1440000
54.853 1441000
55.85 1442000
55.85 1443000
54.853 1444000
54.853 1445000
54.853 1446000
55.85 1447000
54.853 1448000
54.853 1449000
55.85 1450000
55.851 1451000
55.85 1452000
56.848 1453000
55.85 1454000
55.85 1455000
55.85 1456000
55.85 1457000
55.85 1458000
56.848 1459000
55.85 1460000
56.848 1461000
55.85 1462000
56.847 1463000
55.85 1464000
55.85 1465000
55.85 1466000
55.85 1467000
56.848 1468000
56.847 1469000
56.848 1470000
55.85 1471000
55.85 1472000
56.848 1473000
56.847 1474000
57.845 1475000
56.848 1476000
56.848 1477000
55.85 1478000
56.847 1479000
55.85 1480000
56.847 1481000
56.847 1482000
56.847 1483000
56.847 1484000
56.848 1485000
57.846 1486000
57.845 1487000
56.847 1488000
56.848 1489000
56.848 1490000
56.848 1491000
56.847 1492000
56.848 1493000
56.847 1494000
57.845 1495000
56.848 1496000
56.847 1497000
56.847 1498000
57.845 1499000
57.845 1500000
57.845 1501000
57.845 1502000
57.871 1503000
57.846 1504000
59.898 1505000
58.838 1506000
57.843 1507000
58.9 1508000
58.899 1509000
57.848 1510000
58.842 1511000
57.844 1512000
58.899 1513000
57.844 1514000
57.845 1515000
57.845 1516000
57.845 1517000
57.845 1518000
57.845 1519000
57.845 1520000
58.843 1521000
58.842 1522000
59.84 1523000
58.842 1524000
58.842 1525000
57.845 1526000
57.845 1527000
58.843 1528000
58.843 1529000
58.842 1530000
58.843 1531000
59.839 1532000
58.842 1533000
57.845 1534000
58.842 1535000
58.842 1536000
57.845 1537000
58.842 1538000
58.842 1539000
58.842 1540000
59.839 1541000
59.839 1542000
58.841 1543000
59.84 1544000
58.842 1545000
59.841 1546000
59.837 1547000
59.782 1548000
58.865 1549000
59.897 1550000
58.842 1551000
59.838 1552000
60.832 1553000
60.838 1554000
60.834 1555000
60.835 1556000
60.9 1557000
59.845 1558000
59.84 1559000
60.837 1560000
60.895 1561000
60.838 1562000
60.838 1563000
60.835 1564000
61.832 1565000
60.862 1566000
60.837 1567000
60.839 1568000
60.835 1569000
60.859 1570000
60.84 1571000
60.837 1572000
60.78 1573000
60.864 1574000
60.837 1575000
59.84 1576000
60.837 1577000
60.837 1578000
60.837 1579000
60.837 1580000
60.837 1581000
60.873 1582000
62.831 1583000
60.837 1584000
60.837 1585000
60.837 1586000
60.837 1587000
62.831 1588000
60.837 1589000
60.837 1590000
61.835 1591000
60.837 1592000
60.837 1593000
60.837 1594000
61.834 1595000
60.837 1596000
60.837 1597000
61.834 1598000
60.837 1599000
61.834 1600000
60.837 1601000
60.837 1602000
61.834 1603000
61.834 1604000
60.837 1605000
61.834 1606000
61.834 1607000
61.833 1608000
61.859 1609000
61.836 1610000
61.835 1611000
61.833 1612000
62.894 1613000
62.833 1614000
62.833 1615000
62.832 1616000
62.832 1617000
63.828 1618000
63.828 1619000
62.855 1620000
62.831 1621000
63.83 1622000
62.858 1623000
62.832 1624000
62.832 1625000
62.833 1626000
62.89 1627000
62.831 1628000
65.824 1629000
62.83 1630000
62.833 1631000
62.833 1632000
63.826 1633000
62.858 1634000
62.804 1635000
62.855 1636000
62.833 1637000
63.829 1638000
62.832 1639000
63.886 1640000
62.83 1641000
63.887 1642000
63.886 1643000
62.832 1644000
63.828 1645000
63.829 1646000
63.829 1647000
63.77 1648000
64.796 1649000
63.856 1650000
64.883 1651000
64.826 1652000
63.829 1653000
63.829 1654000
63.829 1655000
63.829 1656000
63.83 1657000
64.884 1658000
63.829 1659000
64.883 1660000
63.829 1661000
63.829 1662000
64.883 1663000
64.825 1664000
64.825 1665000
65.882 1666000
64.827 1667000
65.825 1668000
64.884 1669000
64.826 1670000
64.826 1671000
63.829 1672000
64.825 1673000
63.829 1674000
63.829 1675000
63.829 1676000
64.826 1677000
64.86 1678000
64.826 1679000
64.826 1680000
65.823 1681000
64.827 1682000
64.826 1683000
64.826 1684000
64.826 1685000
64.826 1686000
65.824 1687000
64.826 1688000
64.826 1689000
64.826 1690000
64.827 1691000
64.826 1692000
65.823 1693000
64.826 1694000
65.858 1695000
65.823 1696000
64.826 1697000
64.826 1698000
64.826 1699000
64.827 1700000
64.827 1701000
64.826 1702000
64.826 1703000
65.824 1704000
64.827 1705000
65.823 1706000
65.824 1707000
64.826 1708000
66.821 1709000
65.823 1710000
65.823 1711000
65.824 1712000
65.823 1713000
65.824 1714000
65.824 1715000
67.818 1716000
65.823 1717000
68.873 1718000
66.821 1719000
66.821 1720000
66.821 1721000
65.823 1722000
65.823 1723000
65.824 1724000
66.821 1725000
65.823 1726000
66.821 1727000
66.821 1728000
65.823 1729000
66.821 1730000
66.821 1731000
66.849 1732000
66.763 1733000
67.842 1734000
68.784 1735000
67.853 1736000
69.809 1737000
67.784 1738000
67.78 1739000
67.818 1740000
67.85 1741000
68.783 1742000
67.818 1743000
68.815 1744000
71.833 1745000
69.787 1746000
67.818 1747000
67.818 1748000
67.818 1749000
68.841 1750000
68.846 1751000
69.812 1752000
67.818 1753000
67.818 1754000
67.819 1755000
67.82 1756000
67.845 1757000
68.816 1758000
67.82 1759000
68.759 1760000
68.84 1761000
67.818 1762000
67.815 1763000
67.818 1764000
67.82 1765000
67.817 1766000
68.873 1767000
68.873 1768000
70.809 1769000
68.841 1770000
68.815 1771000
68.818 1772000
68.815 1773000
68.814 1774000
68.815 1775000
68.814 1776000
68.817 1777000
69.809 1778000
68.811 1779000
68.81 1780000
68.873 1781000
68.816 1782000
68.815 1783000
69.871 1784000
68.816 1785000
69.812 1786000
67.818 1787000
67.818 1788000
67.818 1789000
67.818 1790000
67.818 1791000
68.815 1792000
68.815 1793000
68.815 1794000
68.816 1795000
69.814 1796000
69.813 1797000
68.816 1798000
68.815 1799000
69.813 1800000
68.815 1801000
68.815 1802000
68.815 1803000
69.813 1804000
69.813 1805000
68.815 1806000
69.813 1807000
69.813 1808000
69.813 1809000
69.813 1810000
68.817 1811000
69.812 1812000
69.813 1813000
69.813 1814000
70.811 1815000
70.808 1816000
69.813 1817000
69.813 1818000
69.813 1819000
69.813 1820000
69.813 1821000
69.813 1822000
69.813 1823000
69.813 1824000
69.813 1825000
70.81 1826000
69.813 1827000
69.813 1828000
70.81 1829000
70.81 1830000
70.81 1831000
69.813 1832000
69.813 1833000
69.813 1834000
69.813 1835000
69.813 1836000
70.81 1837000
70.81 1838000
70.81 1839000
70.81 1840000
70.81 1841000
70.81 1842000
70.81 1843000
71.808 1844000
70.81 1845000
71.808 1846000
70.81 1847000
70.81 1848000
71.808 1849000
70.81 1850000
71.808 1851000
71.808 1852000
71.807 1853000
71.808 1854000
72.805 1855000
71.807 1856000
70.811 1857000
71.807 1858000
71.808 1859000
70.81 1860000
70.81 1861000
71.807 1862000
71.807 1863000
71.807 1864000
71.807 1865000
71.807 1866000
71.808 1867000
71.807 1868000
72.805 1869000
71.808 1870000
72.805 1871000
71.807 1872000
71.808 1873000
71.807 1874000
71.807 1875000
71.808 1876000
71.807 1877000
71.807 1878000
72.805 1879000
72.805 1880000
72.805 1881000
71.807 1882000
71.807 1883000
71.807 1884000
71.807 1885000
71.807 1886000
72.805 1887000
72.805 1888000
72.805 1889000
72.805 1890000
72.805 1891000
71.808 1892000
72.805 1893000
72.805 1894000
71.807 1895000
72.805 1896000
72.805 1897000
72.805 1898000
73.802 1899000
73.802 1900000
73.802 1901000
73.802 1902000
72.805 1903000
73.803 1904000
73.803 1905000
73.802 1906000
73.802 1907000
73.802 1908000
72.805 1909000
72.805 1910000
73.802 1911000
74.8 1912000
73.802 1913000
73.802 1914000
73.802 1915000
73.802 1916000
72.805 1917000
72.805 1918000
73.802 1919000
73.802 1920000
74.8 1921000
73.802 1922000
73.802 1923000
73.802 1924000
74.799 1925000
74.799 1926000
74.799 1927000
74.8 1928000
73.802 1929000
73.802 1930000
73.802 1931000
73.802 1932000
74.8 1933000
74.799 1934000
74.8 1935000
74.799 1936000
73.803 1937000
73.802 1938000
74.8 1939000
73.802 1940000
74.799 1941000
74.799 1942000
74.8 1943000
75.797 1944000
74.799 1945000
74.799 1946000
75.796 1947000
74.8 1948000
75.797 1949000
74.799 1950000
74.8 1951000
76.794 1952000
74.799 1953000
74.8 1954000
74.8 1955000
75.797 1956000
74.799 1957000
74.799 1958000
76.794 1959000
76.795 1960000
75.797 1961000
75.797 1962000
74.8 1963000
74.798 1964000
76.851 1965000
76.792 1966000
75.796 1967000
76.795 1968000
76.795 1969000
76.794 1970000
75.797 1971000
75.796 1972000
76.818 1973000
75.821 1974000
76.854 1975000
76.797 1976000
76.792 1977000
76.795 1978000
76.795 1979000
75.797 1980000
76.738 1981000
76.792 1982000
76.816 1983000
77.849 1984000
77.794 1985000
76.737 1986000
77.791 1987000
76.794 1988000
76.794 1989000
77.791 1990000
76.794 1991000
76.794 1992000
75.797 1993000
75.797 1994000
76.794 1995000
76.794 1996000
76.794 1997000
76.794 1998000
76.794 1999000
76.794 2000000
76.794 2001000
77.792 2002000
76.795 2003000
76.794 2004000
76.794 2005000
77.792 2006000
77.791 2007000
76.794 2008000
76.796 2009000
77.79 2010000
77.791 2011000
77.791 2012000
77.792 2013000
77.792 2014000
80.785 2015000
78.79 2016000
78.789 2017000
78.789 2018000
79.786 2019000
93.749 2020000
81.781 2021000
83.774 2022000
85.773 2023000
88.761 2024000
80.783 2025000
81.778 2026000
79.729 2027000
145.611 2028000
121.675 2029000
88.762 2030000
87.699 2031000
103.715 2032000
87.762 2033000
82.779 2034000
82.777 2035000
124.666 2036000
81.839 2037000
79.784 2038000
78.848 2039000
78.785 2040000
81.721 2041000
80.807 2042000
82.778 2043000
78.789 2044000
77.791 2045000
79.786 2046000
79.786 2047000
78.788 2048000
80.813 2049000
79.788 2050000
79.781 2051000
79.784 2052000
80.783 2053000
79.784 2054000
79.786 2055000
80.785 2056000
80.783 2057000
79.729 2058000
79.81 2059000
78.732 2060000
79.787 2061000
80.784 2062000
80.783 2063000
80.784 2064000
79.786 2065000
79.786 2066000
79.786 2067000
79.787 2068000
80.784 2069000
79.786 2070000
79.786 2071000
80.784 2072000
80.785 2073000
80.782 2074000
80.782 2075000
81.781 2076000
83.776 2077000
80.783 2078000
80.783 2079000
79.786 2080000
80.783 2081000
80.784 2082000
79.786 2083000
80.784 2084000
81.781 2085000
81.781 2086000
80.784 2087000
79.786 2088000
80.784 2089000
80.783 2090000
80.782 2091000
80.783 2092000
80.784 2093000
80.814 2094000
81.781 2095000
81.781 2096000
81.781 2097000
80.784 2098000
81.781 2099000
80.783 2100000
80.784 2101000
81.781 2102000
80.783 2103000
80.784 2104000
80.783 2105000
80.784 2106000
81.781 2107000
81.779 2108000
80.783 2109000
80.784 2110000
80.784 2111000
81.781 2112000
81.781 2113000
81.78 2114000
81.781 2115000
81.781 2116000
81.766 2117000
81.781 2118000
81.781 2119000
82.778 2120000
82.778 2121000
81.782 2122000
82.78 2123000
81.78 2124000
80.783 2125000
87.765 2126000
84.773 2127000
82.813 2128000
82.743 2129000
83.774 2130000
84.806 2131000
82.746 2132000
83.775 2133000
83.809 2134000
83.743 2135000
83.776 2136000
84.771 2137000
83.807 2138000
84.771 2139000
83.799 2140000
83.775 2141000
84.77 2142000
83.744 2143000
85.77 2144000
83.776 2145000
83.775 2146000
83.776 2147000
83.775 2148000
82.779 2149000
82.778 2150000
83.776 2151000
83.776 2152000
82.778 2153000
82.779 2154000
82.779 2155000
83.776 2156000
83.776 2157000
82.778 2158000
84.773 2159000
82.778 2160000
82.779 2161000
83.774 2162000
83.774 2163000
83.774 2164000
82.778 2165000
84.773 2166000
83.808 2167000
83.776 2168000
83.776 2169000
84.773 2170000
83.776 2171000
83.775 2172000
85.77 2173000
84.773 2174000
83.776 2175000
83.775 2176000
83.776 2177000
83.775 2178000
83.776 2179000
84.772 2180000
84.773 2181000
83.776 2182000
83.774 2183000
84.773 2184000
84.773 2185000
84.773 2186000
84.773 2187000
84.773 2188000
84.772 2189000
82.78 2190000
85.769 2191000
84.773 2192000
84.774 2193000
84.771 2194000
85.769 2195000
83.775 2196000
84.773 2197000
84.773 2198000
85.77 2199000
84.774 2200000
85.769 2201000
84.771 2202000
85.769 2203000
85.77 2204000
84.772 2205000
84.773 2206000
84.773 2207000
84.774 2208000
86.768 2209000
85.771 2210000
85.77 2211000
84.773 2212000
84.773 2213000
85.771 2214000
85.771 2215000
85.77 2216000
85.77 2217000
84.773 2218000
85.771 2219000
86.768 2220000
85.77 2221000
85.771 2222000
86.768 2223000
85.77 2224000
85.771 2225000
85.769 2226000
85.77 2227000
85.771 2228000
85.771 2229000
86.768 2230000
85.77 2231000
86.767 2232000
85.771 2233000
85.769 2234000
85.769 2235000
85.769 2236000
86.766 2237000
86.766 2238000
87.764 2239000
86.768 2240000
85.77 2241000
86.767 2242000
86.768 2243000
86.766 2244000
86.767 2245000
86.767 2246000
86.768 2247000
86.768 2248000
87.765 2249000
87.766 2250000
86.766 2251000
86.767 2252000
86.768 2253000
85.77 2254000
86.767 2255000
88.762 2256000
87.765 2257000
87.791 2258000
87.765 2259000
88.705 2260000
89.759 2261000
88.761 2262000
88.788 2263000
88.757 2264000
88.823 2265000
88.703 2266000
89.788 2267000
88.768 2268000
88.704 2269000
87.791 2270000
88.762 2271000
88.762 2272000
87.765 2273000
87.765 2274000
86.768 2275000
86.768 2276000
86.766 2277000
88.761 2278000
87.765 2279000
87.763 2280000
87.765 2281000
87.765 2282000
87.765 2283000
88.762 2284000
88.762 2285000
87.764 2286000
87.765 2287000
88.762 2288000
88.762 2289000
89.758 2290000
88.762 2291000
87.765 2292000
87.765 2293000
87.765 2294000
88.762 2295000
88.762 2296000
88.763 2297000
88.762 2298000
88.762 2299000
88.763 2300000
89.759 2301000
88.762 2302000
88.763 2303000
88.762 2304000
89.758 2305000
88.761 2306000
89.758 2307000
88.762 2308000
89.759 2309000
88.763 2310000
89.758 2311000
89.759 2312000
88.763 2313000
89.76 2314000
89.761 2315000
89.76 2316000
90.757 2317000
89.757 2318000
89.759 2319000
89.758 2320000
89.759 2321000
88.763 2322000
89.758 2323000
90.757 2324000
89.76 2325000
89.759 2326000
89.76 2327000
89.758 2328000
90.757 2329000
89.76 2330000
90.757 2331000
89.76 2332000
89.759 2333000
90.757 2334000
90.757 2335000
89.759 2336000
89.759 2337000
91.754 2338000
90.723 2339000
90.757 2340000
92.751 2341000
89.76 2342000
89.76 2343000
90.757 2344000
92.751 2345000
90.756 2346000
90.756 2347000
89.759 2348000
91.871 2349000
90.726 2350000
91.78 2351000
90.757 2352000
90.756 2353000
91.756 2354000
91.757 2355000
92.753 2356000
91.753 2357000
92.753 2358000
91.779 2359000
91.811 2360000
90.757 2361000
90.757 2362000
91.754 2363000
91.754 2364000
91.777 2365000
92.695 2366000
92.753 2367000
91.754 2368000
91.754 2369000
91.754 2370000
92.75 2371000
91.753 2372000
91.755 2373000
91.755 2374000
91.754 2375000
91.753 2376000
92.775 2377000
93.748 2378000
92.752 2379000
91.755 2380000
93.748 2381000
92.752 2382000
92.781 2383000
93.748 2384000
92.751 2385000
92.752 2386000
93.748 2387000
91.753 2388000
92.81 2389000
92.752 2390000
91.755 2391000
91.754 2392000
92.752 2393000
92.75 2394000
92.752 2395000
92.75 2396000
91.754 2397000
92.752 2398000
92.751 2399000
92.75 2400000
91.754 2401000
92.752 2402000
92.75 2403000
93.748 2404000
92.751 2405000
92.751 2406000
92.751 2407000
92.778 2408000
93.807 2409000
94.746 2410000
95.686 2411000
93.749 2412000
92.752 2413000
92.719 2414000
94.746 2415000
94.746 2416000
93.749 2417000
92.752 2418000
93.749 2419000
93.749 2420000
93.749 2421000
93.749 2422000
93.75 2423000
94.746 2424000
93.749 2425000
94.746 2426000
94.775 2427000
93.748 2428000
95.805 2429000
94.75 2430000
94.688 2431000
94.713 2432000
92.75 2433000
94.71 2434000
93.775 2435000
93.748 2436000
94.743 2437000
94.803 2438000
93.748 2439000
94.688 2440000
96.766 2441000
97.738 2442000
95.767 2443000
95.686 2444000
94.772 2445000
96.735 2446000
94.772 2447000
95.745 2448000
94.808 2449000
94.746 2450000
94.746 2451000
94.746 2452000
95.767 2453000
95.739 2454000
95.714 2455000
95.686 2456000
94.772 2457000
99.675 2458000
95.708 2459000
94.711 2460000
96.775 2461000
95.742 2462000
96.706 2463000
96.775 2464000
96.708 2465000
97.737 2466000
96.773 2467000
98.703 2468000
97.738 2469000
96.766 2470000
95.743 2471000
95.743 2472000
95.748 2473000
96.682 2474000
95.772 2475000
96.738 2476000
95.77 2477000
95.742 2478000
96.74 2479000
95.743 2480000
95.744 2481000
95.744 2482000
95.743 2483000
95.743 2484000
95.8 2485000
95.744 2486000
95.745 2487000
95.742 2488000
96.74 2489000
96.74 2490000
96.709 2491000
95.744 2492000
96.709 2493000
97.763 2494000
96.682 2495000
96.767 2496000
97.738 2497000
96.737 2498000
98.793 2499000
97.741 2500000
96.684 2501000
96.766 2502000
97.795 2503000
97.736 2504000
99.73 2505000
96.77 2506000
97.681 2507000
97.738 2508000
97.739 2509000
96.739 2510000
96.74 2511000
96.741 2512000
96.74 2513000
96.741 2514000
97.739 2515000
96.74 2516000
96.739 2517000
96.741 2518000
97.738 2519000
97.738 2520000
96.741 2521000
97.738 2522000
97.738 2523000
97.739 2524000
97.738 2525000
97.738 2526000
97.737 2527000
97.738 2528000
97.738 2529000
97.739 2530000
97.737 2531000
97.738 2532000
97.738 2533000
97.739 2534000
98.735 2535000
98.734 2536000
99.789 2537000
97.739 2538000
97.737 2539000
98.735 2540000
99.759 2541000
98.734 2542000
98.735 2543000
99.731 2544000
98.761 2545000
98.735 2546000
98.736 2547000
97.737 2548000
98.738 2549000
99.733 2550000
98.735 2551000
98.734 2552000
98.735 2553000
98.735 2554000
98.734 2555000
99.731 2556000
98.735 2557000
98.734 2558000
99.731 2559000
98.735 2560000
98.734 2561000
98.735 2562000
99.733 2563000
98.735 2564000
100.729 2565000
99.731 2566000
98.735 2567000
98.735 2568000
98.736 2569000
98.734 2570000
99.732 2571000
98.736 2572000
98.736 2573000
100.73 2574000
99.733 2575000
100.73 2576000
99.755 2577000
98.737 2578000
101.722 2579000
100.728 2580000
100.733 2581000
99.728 2582000
100.73 2583000
99.733 2584000
99.733 2585000
102.724 2586000
100.756 2587000
99.731 2588000
100.761 2589000
99.733 2590000
99.733 2591000
99.733 2592000
101.728 2593000
99.732 2594000
99.733 2595000
100.73 2596000
100.731 2597000
99.733 2598000
100.729 2599000
100.735 2600000
102.749 2601000
101.671 2602000
100.757 2603000
101.785 2604000
101.668 2605000
103.748 2606000
101.726 2607000
101.728 2608000
101.784 2609000
101.727 2610000
102.667 2611000
102.75 2612000
101.727 2613000
101.791 2614000
103.664 2615000
102.748 2616000
102.748 2617000
102.748 2618000
103.781 2619000
103.722 2620000
101.728 2621000
101.727 2622000
101.727 2623000
101.728 2624000
102.725 2625000
101.728 2626000
101.727 2627000
100.73 2628000
101.763 2629000
102.725 2630000
101.728 2631000
101.729 2632000
101.727 2633000
101.727 2634000
102.725 2635000
102.725 2636000
101.726 2637000
101.728 2638000
103.722 2639000
102.723 2640000
102.723 2641000
102.725 2642000
102.725 2643000
102.748 2644000
104.688 2645000
104.741 2646000
103.722 2647000
102.727 2648000
104.716 2649000
102.751 2650000
102.667 2651000
102.751 2652000
103.722 2653000
103.723 2654000
103.722 2655000
102.724 2656000
102.725 2657000
103.664 2658000
105.683 2659000
103.745 2660000
103.722 2661000
102.726 2662000
102.723 2663000
103.722 2664000
103.721 2665000
102.725 2666000
102.725 2667000
102.725 2668000
102.725 2669000
102.723 2670000
103.721 2671000
102.725 2672000
103.723 2673000
103.722 2674000
103.721 2675000
103.722 2676000
104.719 2677000
104.718 2678000
103.721 2679000
102.724 2680000
103.753 2681000
103.722 2682000
104.719 2683000
103.722 2684000
102.725 2685000
103.722 2686000
103.722 2687000
103.722 2688000
104.721 2689000
104.719 2690000
103.722 2691000
103.723 2692000
105.716 2693000
104.72 2694000
104.721 2695000
103.722 2696000
104.72 2697000
103.722 2698000
103.722 2699000
104.72 2700000
103.722 2701000
104.662 2702000
104.745 2703000
105.776 2704000
104.687 2705000
105.682 2706000
106.772 2707000
105.718 2708000
105.718 2709000
104.718 2710000
104.718 2711000
107.71 2712000
105.716 2713000
104.719 2714000
104.719 2715000
104.723 2716000
105.717 2717000
105.709 2718000
105.715 2719000
105.715 2720000
105.717 2721000
104.72 2722000
105.717 2723000
104.719 2724000
105.717 2725000
105.717 2726000
105.718 2727000
105.717 2728000
105.716 2729000
104.719 2730000
105.715 2731000
105.715 2732000
105.717 2733000
106.714 2734000
105.718 2735000
105.717 2736000
105.717 2737000
106.715 2738000
106.77 2739000
108.767 2740000
108.71 2741000
105.717 2742000
107.713 2743000
105.717 2744000
107.711 2745000
106.712 2746000
106.745 2747000
105.718 2748000
105.718 2749000
107.711 2750000
110.703 2751000
106.715 2752000
107.711 2753000
107.712 2754000
108.709 2755000
110.762 2756000
107.654 2757000
106.714 2758000
107.711 2759000
108.708 2760000
107.744 2761000
109.706 2762000
107.712 2763000
107.712 2764000
107.712 2765000
107.679 2766000
106.742 2767000
107.715 2768000
107.653 2769000
106.743 2770000
108.708 2771000
107.681 2772000
108.709 2773000
108.709 2774000
107.711 2775000
107.711 2776000
107.712 2777000
107.71 2778000
107.71 2779000
107.711 2780000
106.714 2781000
108.708 2782000
107.712 2783000
107.709 2784000
108.709 2785000
107.711 2786000
107.713 2787000
107.713 2788000
108.707 2789000
108.708 2790000
108.708 2791000
107.713 2792000
108.707 2793000
108.709 2794000
107.711 2795000
109.826 2796000
108.71 2797000
108.746 2798000
110.704 2799000
107.711 2800000
108.71 2801000
108.71 2802000
108.71 2803000
108.709 2804000
108.71 2805000
109.707 2806000
108.709 2807000
108.709 2808000
108.707 2809000
108.708 2810000
108.709 2811000
108.709 2812000
108.709 2813000
108.71 2814000
108.709 2815000
108.71 2816000
108.71 2817000
108.709 2818000
109.706 2819000
108.709 2820000
108.71 2821000
109.706 2822000
109.707 2823000
108.709 2824000
108.707 2825000
109.706 2826000
108.71 2827000
109.706 2828000
109.705 2829000
109.705 2830000
108.709 2831000
109.706 2832000
109.707 2833000
109.708 2834000
108.707 2835000
108.707 2836000
111.757 2837000
110.703 2838000
110.703 2839000
110.705 2840000
110.703 2841000
110.705 2842000
109.706 2843000
109.708 2844000
110.705 2845000
110.703 2846000
109.704 2847000
109.706 2848000
109.707 2849000
109.706 2850000
110.704 2851000
109.708 2852000
110.702 2853000
109.707 2854000
109.706 2855000
110.704 2856000
110.704 2857000
109.707 2858000
110.704 2859000
111.701 2860000
110.705 2861000
110.704 2862000
110.704 2863000
111.701 2864000
110.703 2865000
110.703 2866000
111.701 2867000
111.701 2868000
110.705 2869000
110.703 2870000
110.703 2871000
112.698 2872000
110.703 2873000
110.704 2874000
111.701 2875000
110.703 2876000
110.706 2877000
112.665 2878000
112.723 2879000
112.701 2880000
112.641 2881000
111.727 2882000
113.694 2883000
111.701 2884000
111.701 2885000
112.698 2886000
111.701 2887000
111.702 2888000
112.733 2889000
111.701 2890000
111.701 2891000
112.698 2892000
112.698 2893000
112.698 2894000
112.698 2895000
114.722 2896000
114.748 2897000
112.702 2898000
112.698 2899000
112.756 2900000
112.722 2901000
112.699 2902000
112.641 2903000
112.726 2904000
116.684 2905000
113.695 2906000
112.699 2907000
111.701 2908000
111.701 2909000
112.7 2910000
112.698 2911000
111.702 2912000
112.698 2913000
112.698 2914000
111.701 2915000
112.697 2916000
113.663 2917000
114.719 2918000
112.698 2919000
112.698 2920000
113.695 2921000
112.698 2922000
112.696 2923000
112.698 2924000
112.699 2925000
113.694 2926000
113.695 2927000
112.697 2928000
112.697 2929000
112.698 2930000
115.632 2931000
114.719 2932000
114.694 2933000
115.686 2934000
115.749 2935000
114.75 2936000
112.698 2937000
113.696 2938000
113.696 2939000
114.636 2940000
114.693 2941000
114.694 2942000
113.694 2943000
113.752 2944000
113.696 2945000
113.696 2946000
114.693 2947000
113.696 2948000
114.693 2949000
113.696 2950000
113.696 2951000
114.693 2952000
114.694 2953000
113.697 2954000
113.696 2955000
113.696 2956000
115.748 2957000
115.69 2958000
114.694 2959000
114.691 2960000
114.692 2961000
114.692 2962000
115.69 2963000
114.694 2964000
113.694 2965000
115.69 2966000
114.693 2967000
114.694 2968000
114.691 2969000
115.689 2970000
114.693 2971000
114.692 2972000
115.689 2973000
114.691 2974000
115.689 2975000
114.693 2976000
115.69 2977000
114.694 2978000
116.686 2979000
114.692 2980000
114.691 2981000
114.693 2982000
115.692 2983000
115.689 2984000
115.691 2985000
114.693 2986000
116.689 2987000
117.685 2988000
115.692 2989000
115.69 2990000
115.689 2991000
115.689 2992000
116.687 2993000
116.687 2994000
115.691 2995000
115.691 2996000
116.686 2997000
115.69 2998000
115.69 2999000
115.691 3000000
116.688 3001000
116.688 3002000
116.655 3003000
117.685 3004000
117.686 3005000
115.691 3006000
115.69 3007000
116.689 3008000
116.688 3009000
116.687 3010000
116.688 3011000
116.653 3012000
115.716 3013000
116.631 3014000
119.648 3015000
119.68 3016000
117.684 3017000
117.685 3018000
118.683 3019000
118.682 3020000
118.682 3021000
118.682 3022000
119.679 3023000
118.681 3024000
120.736 3025000
118.683 3026000
117.685 3027000
117.685 3028000
116.686 3029000
118.682 3030000
116.688 3031000
116.688 3032000
117.722 3033000
118.624 3034000
118.701 3035000
117.685 3036000
117.628 3037000
117.707 3038000
118.686 3039000
117.684 3040000
118.739 3041000
119.678 3042000
119.68 3043000
117.686 3044000
118.682 3045000
117.686 3046000
117.686 3047000
117.683 3048000
117.685 3049000
118.682 3050000
118.682 3051000
118.682 3052000
118.682 3053000
118.684 3054000
117.685 3055000
118.683 3056000
120.71 3057000
119.681 3058000
118.683 3059000
118.682 3060000
119.68 3061000
117.683 3062000
117.685 3063000
118.683 3064000
118.681 3065000
119.679 3066000
117.684 3067000
118.682 3068000
118.682 3069000
118.681 3070000
119.68 3071000
118.683 3072000
118.682 3073000
118.682 3074000
118.682 3075000
118.682 3076000
119.678 3077000
117.684 3078000
118.681 3079000
118.681 3080000
119.68 3081000
118.682 3082000
118.683 3083000
119.681 3084000
118.682 3085000
120.677 3086000
119.679 3087000
119.679 3088000
119.679 3089000
119.679 3090000
120.678 3091000
119.678 3092000
118.681 3093000
119.681 3094000
119.679 3095000
120.709 3096000
121.674 3097000
118.682 3098000
118.682 3099000
120.704 3100000
120.677 3101000
120.674 3102000
120.622 3103000
120.677 3104000
120.646 3105000
120.678 3106000
120.677 3107000
120.709 3108000
122.671 3109000
119.68 3110000
121.674 3111000
120.677 3112000
120.677 3113000
120.677 3114000
120.678 3115000
120.675 3116000
120.677 3117000
119.679 3118000
121.616 3119000
125.688 3120000
121.732 3121000
121.697 3122000
121.674 3123000
120.7 3124000
121.617 3125000
118.708 3126000
121.673 3127000
120.676 3128000
120.677 3129000
121.674 3130000
121.674 3131000
121.674 3132000
122.673 3133000
120.677 3134000
121.674 3135000
122.672 3136000
120.675 3137000
120.678 3138000
121.675 3139000
121.674 3140000
121.675 3141000
121.675 3142000
120.677 3143000
122.73 3144000
124.666 3145000
118.707 3146000
121.673 3147000
121.674 3148000
122.671 3149000
122.671 3150000
121.673 3151000
122.67 3152000
122.671 3153000
122.671 3154000
122.703 3155000
122.672 3156000
121.674 3157000
121.674 3158000
121.673 3159000
123.669 3160000
122.67 3161000
121.674 3162000
121.675 3163000
121.673 3164000
122.67 3165000
122.671 3166000
122.671 3167000
123.669 3168000
122.672 3169000
122.672 3170000
121.675 3171000
121.674 3172000
122.673 3173000
122.671 3174000
123.67 3175000
123.668 3176000
123.669 3177000
121.675 3178000
121.675 3179000
122.671 3180000
122.671 3181000
123.669 3182000
123.67 3183000
123.669 3184000
124.667 3185000
123.67 3186000
122.671 3187000
122.672 3188000
123.67 3189000
123.669 3190000
123.669 3191000
121.675 3192000
123.669 3193000
122.67 3194000
123.667 3195000
122.671 3196000
124.666 3197000
123.669 3198000
122.672 3199000
123.67 3200000
124.665 3201000
123.668 3202000
123.668 3203000
124.665 3204000
123.667 3205000
124.665 3206000
123.667 3207000
123.669 3208000
124.667 3209000
123.672 3210000
124.667 3211000
123.668 3212000
124.666 3213000
124.666 3214000
123.67 3215000
124.666 3216000
125.665 3217000
124.664 3218000
124.666 3219000
124.666 3220000
124.666 3221000
123.669 3222000
124.667 3223000
124.665 3224000
125.662 3225000
124.667 3226000
124.666 3227000
124.666 3228000
125.665 3229000
124.667 3230000
124.666 3231000
124.666 3232000
126.662 3233000
124.666 3234000
124.666 3235000
125.664 3236000
125.665 3237000
125.663 3238000
124.667 3239000
124.666 3240000
125.662 3241000
125.663 3242000
126.694 3243000
125.662 3244000
125.663 3245000
125.663 3246000
125.665 3247000
125.663 3248000
126.66 3249000
126.661 3250000
125.663 3251000
126.661 3252000
126.661 3253000
126.662 3254000
125.663 3255000
125.664 3256000
126.694 3257000
127.658 3258000
129.653 3259000
128.655 3260000
127.69 3261000
127.665 3262000
128.672 3263000
127.633 3264000
129.661 3265000
127.659 3266000
129.653 3267000
127.612 3268000
128.689 3269000
127.684 3270000
127.658 3271000
127.6 3272000
127.684 3273000
127.721 3274000
127.6 3275000
129.653 3276000
127.658 3277000
127.658 3278000
127.659 3279000
127.658 3280000
128.657 3281000
126.66 3282000
126.662 3283000
127.659 3284000
129.653 3285000
126.662 3286000
125.665 3287000
126.661 3288000
127.658 3289000
126.66 3290000
127.659 3291000
127.657 3292000
127.658 3293000
126.661 3294000
127.659 3295000
129.595 3296000
127.659 3297000
127.657 3298000
126.662 3299000
127.658 3300000
127.659 3301000
126.662 3302000
127.657 3303000
128.714 3304000
127.657 3305000
128.654 3306000
128.654 3307000
128.655 3308000
128.655 3309000
128.654 3310000
128.654 3311000
129.653 3312000
127.658 3313000
128.656 3314000
128.654 3315000
128.654 3316000
127.657 3317000
128.654 3318000
129.651 3319000
128.654 3320000
127.657 3321000
127.656 3322000
129.651 3323000
128.654 3324000
128.655 3325000
129.653 3326000
128.655 3327000
124.667 3328000
128.657 3329000
128.654 3330000
127.657 3331000
128.654 3332000
127.657 3333000
128.655 3334000
129.653 3335000
129.652 3336000
129.687 3337000
129.653 3338000
129.653 3339000
129.653 3340000
129.654 3341000
129.653 3342000
128.655 3343000
129.654 3344000
129.654 3345000
129.653 3346000
129.651 3347000
127.657 3348000
129.651 3349000
129.652 3350000
128.656 3351000
128.656 3352000
130.65 3353000
130.651 3354000
129.653 3355000
130.651 3356000
130.709 3357000
130.651 3358000
130.65 3359000
130.65 3360000
129.651 3361000
130.649 3362000
129.654 3363000
129.653 3364000
130.65 3365000
130.65 3366000
130.651 3367000
130.675 3368000
130.65 3369000
131.647 3370000
129.653 3371000
131.648 3372000
131.648 3373000
130.65 3374000
130.65 3375000
130.65 3376000
130.65 3377000
130.65 3378000
131.68 3379000
130.651 3380000
131.649 3381000
130.65 3382000
131.705 3383000
130.651 3384000
130.65 3385000
130.651 3386000
130.649 3387000
130.65 3388000
131.646 3389000
130.648 3390000
130.65 3391000
133.637 3392000
132.644 3393000
132.65 3394000
132.671 3395000
134.663 3396000
133.642 3397000
132.645 3398000
130.651 3399000
131.646 3400000
132.643 3401000
132.644 3402000
131.646 3403000
132.644 3404000
132.665 3405000
131.673 3406000
133.673 3407000
132.643 3408000
131.647 3409000
131.649 3410000
132.645 3411000
133.642 3412000
132.646 3413000
131.647 3414000
132.645 3415000
133.675 3416000
132.645 3417000
131.647 3418000
132.646 3419000
132.645 3420000
132.645 3421000
131.648 3422000
132.646 3423000
133.677 3424000
133.642 3425000
131.647 3426000
132.645 3427000
132.645 3428000
133.642 3429000
131.648 3430000
132.643 3431000
132.643 3432000
132.643 3433000
132.645 3434000
134.639 3435000
133.643 3436000
133.643 3437000
133.643 3438000
133.643 3439000
132.643 3440000
132.645 3441000
133.642 3442000
134.639 3443000
134.698 3444000
133.643 3445000
134.639 3446000
133.643 3447000
134.639 3448000
133.642 3449000
134.641 3450000
132.643 3451000
133.641 3452000
134.638 3453000
132.643 3454000
133.642 3455000
136.666 3456000
134.639 3457000
132.646 3458000
133.642 3459000
133.642 3460000
135.637 3461000
133.641 3462000
133.641 3463000
133.642 3464000
134.639 3465000
133.642 3466000
134.64 3467000
134.64 3468000
133.643 3469000
134.639 3470000
133.64 3471000
132.644 3472000
135.635 3473000
136.634 3474000
135.603 3475000
137.632 3476000
133.644 3477000
134.639 3478000
134.64 3479000
135.671 3480000
134.64 3481000
134.639 3482000
136.633 3483000
134.639 3484000
134.639 3485000
138.627 3486000
139.626 3487000
139.626 3488000
135.636 3489000
137.63 3490000
139.627 3491000
140.624 3492000
136.633 3493000
138.683 3494000
135.635 3495000
135.637 3496000
135.637 3497000
135.637 3498000
134.64 3499000
135.638 3500000
135.636 3501000
136.633 3502000
135.635 3503000
135.635 3504000
137.63 3505000
135.636 3506000
134.639 3507000
134.64 3508000
136.634 3509000
136.635 3510000
135.636 3511000
136.634 3512000
136.635 3513000
135.637 3514000
134.64 3515000
136.635 3516000
136.635 3517000
136.634 3518000
134.64 3519000
137.664 3520000
135.637 3521000
135.637 3522000
136.669 3523000
136.635 3524000
136.635 3525000
136.634 3526000
137.633 3527000
136.633 3528000
136.635 3529000
136.633 3530000
137.633 3531000
137.63 3532000
136.633 3533000
136.634 3534000
136.633 3535000
136.634 3536000
136.634 3537000
136.635 3538000
136.635 3539000
137.63 3540000
136.634 3541000
136.652 3542000
136.634 3543000
137.631 3544000
137.631 3545000
137.631 3546000
137.631 3547000
139.626 3548000
141.954 3549000
138.654 3550000
140.624 3551000
140.681 3552000
139.626 3553000
138.629 3554000
137.632 3555000
137.633 3556000
137.631 3557000
137.633 3558000
137.63 3559000
137.63 3560000
137.631 3561000
136.634 3562000
138.629 3563000
137.631 3564000
137.632 3565000
136.633 3566000
137.631 3567000
138.63 3568000
137.63 3569000
137.63 3570000
138.63 3571000
144.664 3572000
141.622 3573000
139.626 3574000
138.629 3575000
137.632 3576000
138.628 3577000
138.629 3578000
139.626 3579000
138.629 3580000
139.63 3581000
140.684 3582000
140.623 3583000
139.627 3584000
139.625 3585000
139.626 3586000
138.629 3587000
141.644 3588000
139.625 3589000
139.625 3590000
138.629 3591000
138.629 3592000
139.626 3593000
140.681 3594000
138.63 3595000
138.627 3596000
139.626 3597000
139.661 3598000
139.627 3599000
139.625 3600000
139.626 3601000
139.625 3602000
140.624 3603000
140.625 3604000
139.625 3605000
141.677 3606000
139.626 3607000
139.627 3608000
139.626 3609000
143.617 3610000
139.626 3611000
139.627 3612000
139.625 3613000
139.625 3614000
140.623 3615000
140.623 3616000
141.622 3617000
141.621 3618000
138.63 3619000
139.626 3620000
139.626 3621000
141.622 3622000
140.623 3623000
139.627 3624000
140.622 3625000
139.625 3626000
142.655 3627000
139.625 3628000
141.679 3629000
140.624 3630000
142.65 3631000
142.619 3632000
140.624 3633000
140.622 3634000
140.623 3635000
141.621 3636000
139.626 3637000
139.628 3638000
140.623 3639000
142.618 3640000
140.623 3641000
142.618 3642000
141.619 3643000
139.625 3644000
140.622 3645000
140.624 3646000
140.625 3647000
140.624 3648000
140.625 3649000
141.62 3650000
142.65 3651000
141.619 3652000
140.623 3653000
141.59 3654000
141.621 3655000
143.615 3656000
146.609 3657000
145.611 3658000
141.622 3659000
144.67 3660000
142.619 3661000
141.621 3662000
141.621 3663000
142.617 3664000
146.607 3665000
146.608 3666000
144.612 3667000
143.616 3668000
143.583 3669000
142.618 3670000
142.619 3671000
141.621 3672000
141.622 3673000
142.619 3674000
143.616 3675000
144.613 3676000
141.621 3677000
143.649 3678000
142.619 3679000
140.622 3680000
142.617 3681000
142.617 3682000
142.618 3683000
143.616 3684000
142.618 3685000
143.616 3686000
142.618 3687000
142.62 3688000
142.616 3689000
143.614 3690000
142.619 3691000
143.615 3692000
142.617 3693000
145.667 3694000
143.615 3695000
143.615 3696000
143.615 3697000
149.598 3698000
151.594 3699000
149.598 3700000
144.613 3701000
146.608 3702000
147.604 3703000
147.606 3704000
144.614 3705000
143.614 3706000
144.613 3707000
143.615 3708000
144.613 3709000
153.589 3710000
151.649 3711000
146.608 3712000
145.61 3713000
145.61 3714000
145.61 3715000
142.618 3716000
144.613 3717000
149.601 3718000
144.611 3719000
144.611 3720000
144.611 3721000
148.603 3722000
147.606 3723000
144.614 3724000
145.666 3725000
143.615 3726000
144.613 3727000
144.614 3728000
144.614 3729000
143.616 3730000
144.613 3731000
144.646 3732000
145.611 3733000
144.611 3734000
144.612 3735000
144.613 3736000
144.614 3737000
144.614 3738000
146.664 3739000
145.61 3740000
144.614 3741000
144.614 3742000
144.614 3743000
145.609 3744000
145.609 3745000
144.582 3746000
145.61 3747000
148.603 3748000
145.611 3749000
144.611 3750000
146.607 3751000
145.61 3752000
145.611 3753000
145.609 3754000
145.61 3755000
145.611 3756000
145.61 3757000
145.61 3758000
145.61 3759000
144.613 3760000
145.61 3761000
145.61 3762000
145.611 3763000
145.608 3764000
146.607 3765000
145.611 3766000
144.611 3767000
146.607 3768000
146.609 3769000
145.609 3770000
145.61 3771000
145.61 3772000
146.607 3773000
146.635 3774000
146.607 3775000
145.61 3776000
146.608 3777000
147.663 3778000
147.606 3779000
145.609 3780000
145.61 3781000
147.605 3782000
146.609 3783000
146.608 3784000
146.608 3785000
146.608 3786000
147.603 3787000
146.607 3788000
146.607 3789000
147.605 3790000
146.608 3791000
146.607 3792000
147.605 3793000
147.605 3794000
146.609 3795000
147.603 3796000
146.607 3797000
148.602 3798000
146.608 3799000
149.599 3800000
147.606 3801000
146.607 3802000
146.609 3803000
146.607 3804000
147.605 3805000
148.602 3806000
146.609 3807000
147.605 3808000
146.607 3809000
147.605 3810000
147.604 3811000
147.604 3812000
148.602 3813000
148.638 3814000
147.605 3815000
148.603 3816000
147.606 3817000
147.606 3818000
147.605 3819000
148.603 3820000
148.603 3821000
148.602 3822000
148.602 3823000
147.605 3824000
147.605 3825000
148.602 3826000
148.603 3827000
147.605 3828000
147.606 3829000
148.601 3830000
149.598 3831000
147.605 3832000
147.603 3833000
146.606 3834000
147.605 3835000
146.607 3836000
148.602 3837000
148.603 3838000
149.601 3839000
148.602 3840000
148.602 3841000
147.605 3842000
149.601 3843000
148.6 3844000
149.6 3845000
148.602 3846000
149.598 3847000
149.598 3848000
149.6 3849000
149.599 3850000
149.6 3851000
148.602 3852000
148.602 3853000
149.599 3854000
149.593 3855000
149.598 3856000
149.598 3857000
147.605 3858000
150.654 3859000
149.6 3860000
150.598 3861000
149.598 3862000
149.598 3863000
149.598 3864000
148.601 3865000
149.599 3866000
150.597 3867000
149.601 3868000
149.599 3869000
151.594 3870000
150.597 3871000
149.601 3872000
149.601 3873000
150.597 3874000
156.581 3875000
149.6 3876000
150.597 3877000
150.598 3878000
148.604 3879000
150.595 3880000
149.599 3881000
147.605 3882000
150.597 3883000
150.596 3884000
150.597 3885000
150.597 3886000
152.592 3887000
150.597 3888000
149.598 3889000
150.596 3890000
151.593 3891000
150.596 3892000
149.601 3893000
151.597 3894000
151.594 3895000
151.629 3896000
151.594 3897000
150.598 3898000
152.591 3899000
155.602 3900000
154.587 3901000
156.617 3902000
153.589 3903000
152.593 3904000
154.586 3905000
153.588 3906000
153.646 3907000
152.591 3908000
150.595 3909000
150.595 3910000
152.591 3911000
151.594 3912000
151.593 3913000
151.594 3914000
152.629 3915000
150.598 3916000
152.593 3917000
151.595 3918000
152.591 3919000
151.654 3920000
156.581 3921000
151.594 3922000
152.593 3923000
152.59 3924000
150.595 3925000
152.59 3926000
152.591 3927000
151.594 3928000
152.591 3929000
152.592 3930000
152.592 3931000
154.587 3932000
154.555 3933000
153.622 3934000
153.59 3935000
152.59 3936000
151.594 3937000
151.595 3938000
152.591 3939000
153.587 3940000
152.59 3941000
151.593 3942000
153.588 3943000
153.614 3944000
152.591 3945000
153.53 3946000
150.598 3947000
152.592 3948000
152.593 3949000
153.589 3950000
153.59 3951000
152.591 3952000
153.589 3953000
152.593 3954000
153.622 3955000
153.589 3956000
152.591 3957000
153.589 3958000
153.588 3959000
153.588 3960000
153.588 3961000
154.585 3962000
153.589 3963000
152.591 3964000
152.593 3965000
154.586 3966000
153.589 3967000
152.593 3968000
154.642 3969000
153.59 3970000
152.594 3971000
153.588 3972000
153.589 3973000
154.587 3974000
154.586 3975000
154.586 3976000
153.59 3977000
154.585 3978000
154.585 3979000
153.59 3980000
153.588 3981000
153.588 3982000
153.588 3983000
153.589 3984000
153.589 3985000
154.587 3986000
153.589 3987000
153.59 3988000
155.583 3989000
155.607 3990000
155.583 3991000
156.549 3992000
156.607 3993000
157.576 3994000
155.586 3995000
155.583 3996000
156.581 3997000
155.642 3998000
155.584 3999000
158.576 4000000
155.584 4001000
155.585 4002000
155.643 4003000
155.583 4004000
155.585 4005000
154.586 4006000
155.583 4007000
155.582 4008000
156.609 4009000
156.524 4010000
155.583 4011000
155.584 4012000
155.645 4013000
156.582 4014000
155.582 4015000
155.582 4016000
155.582 4017000
156.579 4018000
156.581 4019000
155.583 4020000
155.584 4021000
154.587 4022000
154.585 4023000
154.587 4024000
156.581 4025000
155.584 4026000
155.584 4027000
157.578 4028000
155.585 4029000
155.582 4030000
156.581 4031000
157.634 4032000
152.591 4033000
153.59 4034000
155.582 4035000
156.579 4036000
158.575 4037000
167.55 4038000
161.568 4039000
160.569 4040000
157.547 4041000
158.6 4042000
157.521 4043000
159.539 4044000
156.607 4045000
156.581 4046000
157.579 4047000
157.579 4048000
156.642 4049000
157.578 4050000
159.573 4051000
155.583 4052000
157.578 4053000
156.581 4054000
154.587 4055000
156.582 4056000
157.612 4057000
159.574 4058000
158.577 4059000
158.614 4060000
158.577 4061000
156.581 4062000
157.579 4063000
157.578 4064000
156.581 4065000
158.575 4066000
157.579 4067000
157.581 4068000
157.578 4069000
157.579 4070000
157.577 4071000
157.577 4072000
156.58 4073000
157.579 4074000
157.577 4075000
157.578 4076000
157.579 4077000
158.574 4078000
158.574 4079000
158.575 4080000
158.575 4081000
159.573 4082000
158.577 4083000
158.576 4084000
158.577 4085000
159.574 4086000
157.577 4087000
159.573 4088000
158.634 4089000
158.577 4090000
162.563 4091000
160.569 4092000
158.576 4093000
163.531 4094000
160.569 4095000
161.568 4096000
159.574 4097000
160.628 4098000
160.57 4099000
159.574 4100000
163.562 4101000
160.627 4102000
159.573 4103000
162.566 4104000
160.631 4105000
161.567 4106000
173.536 4107000
160.571 4108000
161.569 4109000
159.572 4110000
159.572 4111000
161.633 4112000
161.569 4113000
159.573 4114000
162.567 4115000
160.571 4116000
160.57 4117000
158.576 4118000
159.573 4119000
160.571 4120000
160.569 4121000
159.572 4122000
160.57 4123000
159.573 4124000
159.573 4125000
160.569 4126000
160.57 4127000
159.573 4128000
159.574 4129000
159.573 4130000
159.573 4131000
160.572 4132000
160.569 4133000
160.57 4134000
160.57 4135000
161.568 4136000
161.602 4137000
165.558 4138000
159.572 4139000
159.574 4140000
160.57 4141000
160.571 4142000
160.572 4143000
160.568 4144000
159.573 4145000
160.57 4146000
159.573 4147000
161.567 4148000
160.571 4149000
160.57 4150000
161.567 4151000
160.572 4152000
161.567 4153000
161.568 4154000
170.544 4155000
164.561 4156000
165.558 4157000
166.554 4158000
167.552 4159000
164.559 4160000
162.624 4161000
162.566 4162000
161.567 4163000
161.569 4164000
161.567 4165000
162.559 4166000
161.566 4167000
160.569 4168000
161.567 4169000
161.566 4170000
161.566 4171000
161.567 4172000
161.568 4173000
161.568 4174000
162.565 4175000
162.565 4176000
162.623 4177000
162.565 4178000
162.566 4179000
161.566 4180000
156.582 4181000
162.579 4182000
163.562 4183000
161.569 4184000
162.563 4185000
161.568 4186000
162.563 4187000
162.564 4188000
162.565 4189000
162.626 4190000
162.565 4191000
161.569 4192000
161.566 4193000
162.533 4194000
163.562 4195000
162.566 4196000
162.565 4197000
161.568 4198000
162.563 4199000
160.57 4200000
163.56 4201000
162.565 4202000
162.564 4203000
162.563 4204000
163.561 4205000
160.596 4206000
162.564 4207000
163.62 4208000
163.62 4209000
164.561 4210000
162.565 4211000
162.565 4212000
164.56 4213000
163.562 4214000
163.562 4215000
164.561 4216000
163.563 4217000
162.566 4218000
163.562 4219000
163.562 4220000
162.565 4221000
163.563 4222000
163.564 4223000
164.561 4224000
163.562 4225000
163.561 4226000
163.56 4227000
165.555 4228000
162.564 4229000
163.561 4230000
164.558 4231000
163.562 4232000
162.565 4233000
163.562 4234000
164.559 4235000
163.561 4236000
164.558 4237000
164.559 4238000
164.56 4239000
163.563 4240000
164.558 4241000
165.555 4242000
164.559 4243000
164.559 4244000
163.563 4245000
164.558 4246000
165.618 4247000
163.562 4248000
165.555 4249000
163.562 4250000
163.561 4251000
164.559 4252000
164.558 4253000
166.618 4254000
164.559 4255000
166.554 4256000
165.558 4257000
164.558 4258000
164.56 4259000
164.561 4260000
166.61 4261000
165.555 4262000
165.556 4263000
164.559 4264000
165.557 4265000
167.55 4266000
165.556 4267000
166.554 4268000
165.558 4269000
165.557 4270000
166.555 4271000
164.56 4272000
166.554 4273000
172.572 4274000
168.549 4275000
167.552 4276000
166.555 4277000
167.552 4278000
171.54 4279000
167.551 4280000
167.609 4281000
167.551 4282000
168.549 4283000
165.558 4284000
165.557 4285000
168.55 4286000
166.554 4287000
164.559 4288000
165.557 4289000
166.52 4290000
168.544 4291000
167.515 4292000
169.571 4293000
167.572 4294000
167.55 4295000
166.553 4296000
166.556 4297000
166.555 4298000
167.55 4299000
166.553 4300000
167.551 4301000
166.554 4302000
166.554 4303000
167.553 4304000
167.551 4305000
167.552 4306000
166.555 4307000
167.551 4308000
166.555 4309000
167.55 4310000
167.551 4311000
166.554 4312000
167.552 4313000
167.55 4314000
167.55 4315000
167.549 4316000
166.555 4317000
167.553 4318000
167.55 4319000
166.554 4320000
167.553 4321000
169.603 4322000
166.555 4323000
166.555 4324000
167.55 4325000
167.551 4326000
167.552 4327000
167.551 4328000
168.55 4329000
167.55 4330000
167.55 4331000
166.555 4332000
168.549 4333000
168.55 4334000
168.55 4335000
168.549 4336000
169.547 4337000
168.549 4338000
170.543 4339000
169.547 4340000
168.549 4341000
168.549 4342000
169.578 4343000
171.541 4344000
167.552 4345000
169.547 4346000
169.546 4347000
168.549 4348000
168.549 4349000
168.549 4350000
170.544 4351000
168.55 4352000
167.553 4353000
168.549 4354000
169.546 4355000
165.557 4356000
167.552 4357000
170.542 4358000
169.546 4359000
167.609 4360000
170.543 4361000
169.547 4362000
168.549 4363000
168.55 4364000
168.549 4365000
167.551 4366000
169.544 4367000
168.548 4368000
169.546 4369000
170.543 4370000
168.55 4371000
170.544 4372000
170.545 4373000
169.546 4374000
169.547 4375000
170.544 4376000
169.546 4377000
170.602 4378000
170.543 4379000
171.541 4380000
169.547 4381000
169.546 4382000
169.546 4383000
170.545 4384000
169.545 4385000
170.543 4386000
170.545 4387000
169.546 4388000
169.547 4389000
171.541 4390000
172.539 4391000
169.545 4392000
171.539 4393000
167.551 4394000
170.545 4395000
170.543 4396000
170.543 4397000
169.547 4398000
170.544 4399000
172.571 4400000
172.538 4401000
173.536 4402000
170.543 4403000
170.545 4404000
170.681 4405000
169.546 4406000
170.542 4407000
171.539 4408000
170.542 4409000
169.547 4410000
171.541 4411000
169.546 4412000
169.546 4413000
170.545 4414000
172.538 4415000
171.541 4416000
170.543 4417000
170.543 4418000
170.543 4419000
171.539 4420000
171.598 4421000
171.542 4422000
172.539 4423000
171.542 4424000
172.598 4425000
171.541 4426000
171.541 4427000
171.541 4428000
172.538 4429000
172.598 4430000
172.539 4431000
171.54 4432000
170.545 4433000
172.539 4434000
171.54 4435000
172.538 4436000
172.538 4437000
171.542 4438000
172.538 4439000
172.539 4440000
171.539 4441000
172.597 4442000
173.536 4443000
172.538 4444000
172.538 4445000
172.539 4446000
171.543 4447000
171.54 4448000
176.526 4449000
174.531 4450000
175.529 4451000
174.533 4452000
174.533 4453000
174.566 4454000
174.497 4455000
173.536 4456000
173.535 4457000
171.542 4458000
173.533 4459000
174.532 4460000
172.539 4461000
173.535 4462000
173.535 4463000
173.536 4464000
173.559 4465000
173.534 4466000
173.535 4467000
172.537 4468000
173.535 4469000
174.595 4470000
173.535 4471000
173.534 4472000
172.537 4473000
173.535 4474000
172.537 4475000
173.535 4476000
172.537 4477000
174.532 4478000
174.533 4479000
173.537 4480000
173.535 4481000
174.533 4482000
174.533 4483000
174.533 4484000
174.533 4485000
173.536 4486000
173.536 4487000
176.585 4488000
174.534 4489000
173.537 4490000
175.53 4491000
174.533 4492000
174.533 4493000
173.537 4494000
175.53 4495000
174.533 4496000
176.529 4497000
175.529 4498000
175.528 4499000
173.536 4500000
174.533 4501000
175.531 4502000
173.535 4503000
175.53 4504000
174.533 4505000
173.537 4506000
174.534 4507000
174.534 4508000
174.533 4509000
175.53 4510000
174.533 4511000
175.53 4512000
174.533 4513000
174.534 4514000
174.531 4515000
175.529 4516000
174.532 4517000
174.533 4518000
175.53 4519000
174.533 4520000
175.53 4521000
174.533 4522000
175.53 4523000
175.53 4524000
174.532 4525000
176.526 4526000
174.531 4527000
174.533 4528000
174.533 4529000
176.528 4530000
175.53 4531000
175.529 4532000
175.529 4533000
175.53 4534000
174.533 4535000
174.533 4536000
174.533 4537000
175.53 4538000
175.531 4539000
175.53 4540000
175.53 4541000
176.528 4542000
176.528 4543000
175.528 4544000
174.532 4545000
175.529 4546000
176.526 4547000
175.531 4548000
176.528 4549000
176.528 4550000
175.531 4551000
172.538 4552000
176.527 4553000
176.528 4554000
176.529 4555000
176.525 4556000
176.526 4557000
178.579 4558000
176.527 4559000
177.644 4560000
177.464 4561000
175.531 4562000
176.526 4563000
176.528 4564000
176.526 4565000
175.53 4566000
176.529 4567000
176.529 4568000
178.524 4569000
177.561 4570000
178.522 4571000
177.525 4572000
176.529 4573000
177.526 4574000
177.527 4575000
176.528 4576000
177.525 4577000
178.523 4578000
176.528 4579000
176.527 4580000
179.519 4581000
176.529 4582000
177.527 4583000
178.522 4584000
177.526 4585000
178.523 4586000
180.518 4587000
177.526 4588000
178.522 4589000
179.553 4590000
177.526 4591000
177.524 4592000
177.524 4593000
177.523 4594000
178.524 4595000
177.524 4596000
176.527 4597000
178.521 4598000
178.521 4599000
178.582 4600000
179.519 4601000
178.522 4602000
178.52 4603000
178.521 4604000
178.521 4605000
178.521 4606000
178.522 4607000
178.522 4608000
179.518 4609000
178.521 4610000
178.522 4611000
176.528 4612000
177.523 4613000
177.524 4614000
179.519 4615000
179.518 4616000
178.521 4617000
180.516 4618000
181.515 4619000
181.514 4620000
182.546 4621000
185.503 4622000
183.509 4623000
181.513 4624000
181.512 4625000
180.516 4626000
178.523 4627000
182.538 4628000
180.518 4629000
179.519 4630000
180.515 4631000
179.518 4632000
180.515 4633000
179.518 4634000
181.514 4635000
181.548 4636000
179.519 4637000
179.519 4638000
180.518 4639000
180.517 4640000
180.518 4641000
181.515 4642000
180.515 4643000
180.515 4644000
180.515 4645000
180.515 4646000
179.544 4647000
181.513 4648000
182.569 4649000
181.515 4650000
184.506 4651000
181.48 4652000
182.535 4653000
179.519 4654000
183.567 4655000
180.517 4656000
181.516 4657000
180.518 4658000
180.515 4659000
179.519 4660000
181.513 4661000
181.514 4662000
180.515 4663000
180.517 4664000
181.514 4665000
180.518 4666000
181.514 4667000
181.515 4668000
180.516 4669000
180.517 4670000
181.513 4671000
181.513 4672000
181.57 4673000
180.517 4674000
184.506 4675000
181.513 4676000
180.515 4677000
180.515 4678000
181.545 4679000
181.514 4680000
180.517 4681000
181.514 4682000
181.514 4683000
182.512 4684000
182.512 4685000
181.513 4686000
181.513 4687000
179.519 4688000
181.513 4689000
182.513 4690000
181.515 4691000
182.513 4692000
181.512 4693000
182.512 4694000
181.513 4695000
182.51 4696000
181.514 4697000
182.513 4698000
180.515 4699000
180.517 4700000
182.51 4701000
182.51 4702000
181.513 4703000
182.51 4704000
182.511 4705000
183.509 4706000
182.571 4707000
182.511 4708000
182.51 4709000
181.514 4710000
181.514 4711000
183.541 4712000
183.51 4713000
182.513 4714000
183.507 4715000
182.51 4716000
182.51 4717000
182.511 4718000
182.509 4719000
182.51 4720000
182.511 4721000
181.514 4722000
182.513 4723000
182.51 4724000
182.511 4725000
182.511 4726000
182.511 4727000
185.503 4728000
184.504 4729000
183.509 4730000
186.502 4731000
182.51 4732000
182.51 4733000
183.509 4734000
185.564 4735000
184.507 4736000
184.507 4737000
183.509 4738000
184.506 4739000
184.507 4740000
186.559 4741000
185.505 4742000
185.505 4743000
185.503 4744000
183.507 4745000
183.507 4746000
183.509 4747000
182.512 4748000
182.512 4749000
184.507 4750000
184.507 4751000
183.509 4752000
184.508 4753000
184.505 4754000
183.507 4755000
183.509 4756000
184.505 4757000
184.505 4758000
184.505 4759000
184.508 4760000
184.506 4761000
184.508 4762000
183.507 4763000
183.509 4764000
184.506 4765000
184.505 4766000
183.507 4767000
182.511 4768000
184.505 4769000
184.505 4770000
184.507 4771000
185.504 4772000
184.506 4773000
186.501 4774000
185.504 4775000
184.506 4776000
186.502 4777000
185.503 4778000
186.563 4779000
190.491 4780000
187.498 4781000
187.499 4782000
193.484 4783000
188.497 4784000
190.49 4785000
191.488 4786000
187.5 4787000
187.556 4788000
188.497 4789000
186.499 4790000
184.505 4791000
184.505 4792000
186.499 4793000
185.504 4794000
185.505 4795000
186.532 4796000
185.502 4797000
185.503 4798000
187.499 4799000
186.501 4800000
186.502 4801000
185.502 4802000
185.503 4803000
188.496 4804000
187.499 4805000
186.5 4806000
186.501 4807000
186.501 4808000
187.498 4809000
185.504 4810000
185.504 4811000
184.506 4812000
187.498 4813000
188.554 4814000
186.501 4815000
186.501 4816000
186.501 4817000
186.501 4818000
187.499 4819000
186.501 4820000
187.498 4821000
187.494 4822000
188.497 4823000
186.499 4824000
187.498 4825000
184.504 4826000
186.499 4827000
187.498 4828000
187.498 4829000
187.498 4830000
189.494 4831000
185.502 4832000
187.497 4833000
186.502 4834000
187.497 4835000
188.494 4836000
186.5 4837000
186.499 4838000
188.496 4839000
186.501 4840000
187.496 4841000
187.498 4842000
184.505 4843000
188.494 4844000
187.497 4845000
187.497 4846000
188.494 4847000
188.495 4848000
188.495 4849000
187.498 4850000
187.499 4851000
187.498 4852000
187.498 4853000
187.496 4854000
188.495 4855000
188.495 4856000
188.495 4857000
189.553 4858000
188.496 4859000
188.494 4860000
188.495 4861000
188.494 4862000
187.499 4863000
188.528 4864000
189.493 4865000
188.494 4866000
190.489 4867000
188.495 4868000
188.497 4869000
188.494 4870000
188.494 4871000
187.498 4872000
188.495 4873000
189.493 4874000
188.496 4875000
189.493 4876000
189.494 4877000
188.494 4878000
189.491 4879000
190.489 4880000
188.494 4881000
189.491 4882000
192.541 4883000
189.491 4884000
189.491 4885000
187.496 4886000
188.497 4887000
190.489 4888000
188.494 4889000
190.489 4890000
188.495 4891000
189.493 4892000
188.496 4893000
190.491 4894000
190.489 4895000
190.489 4896000
188.496 4897000
189.493 4898000
190.489 4899000
190.454 4900000
190.491 4901000
189.491 4902000
190.49 4903000
189.494 4904000
190.491 4905000
190.492 4906000
189.491 4907000
190.489 4908000
190.489 4909000
190.49 4910000
192.486 4911000
190.489 4912000
190.489 4913000
189.491 4914000
189.492 4915000
188.495 4916000
189.494 4917000
190.49 4918000
191.488 4919000
190.49 4920000
191.488 4921000
191.488 4922000
191.487 4923000
190.49 4924000
191.489 4925000
189.493 4926000
190.489 4927000
188.494 4928000
191.487 4929000
191.487 4930000
190.491 4931000
192.517 4932000
191.487 4933000
192.485 4934000
191.487 4935000
191.489 4936000
192.486 4937000
192.485 4938000
197.471 4939000
194.48 4940000
194.48 4941000
194.48 4942000
194.479 4943000
197.472 4944000
194.48 4945000
193.482 4946000
193.483 4947000
193.482 4948000
191.488 4949000
190.547 4950000
191.488 4951000
191.487 4952000
194.513 4953000
191.489 4954000
192.485 4955000
192.486 4956000
192.485 4957000
193.483 4958000
191.488 4959000
192.486 4960000
191.487 4961000
191.488 4962000
193.483 4963000
191.487 4964000
192.485 4965000
192.486 4966000
191.486 4967000
192.484 4968000
192.484 4969000
191.487 4970000
194.481 4971000
192.485 4972000
191.488 4973000
194.595 4974000
194.448 4975000
195.479 4976000
191.488 4977000
191.487 4978000
192.485 4979000
192.486 4980000
193.481 4981000
192.484 4982000
192.486 4983000
192.483 4984000
193.481 4985000
193.482 4986000
192.483 4987000
193.482 4988000
194.479 4989000
192.485 4990000
193.481 4991000
193.482 4992000
193.481 4993000
193.514 4994000
193.482 4995000
192.519 4996000
194.481 4997000
193.483 4998000
193.482 4999000
194.481 5000000
