1994 1994 1000
4578 2992 2000
2007 3658 3000
3021 1989 4000
1994 3103 5000
1924 2993 6000
2960 3040 7000
1976 1993 8000
2960 3036 9000
4017 5085 10000
2975 1995 11000
3991 1995 12000
1994 2993 13000
2991 3991 14000
2025 2790 15000
1987 1995 16000
1999 992 17000
3041 1977 18000
2991 1994 19000
2991 1995 20000
2023 2999 21000
2533 1993 22000
1966 2023 23000
2028 3958 24000
2028 3134 25000
2001 1995 26000
999 1958 27000
2996 2031 28000
1994 1994 29000
1995 997 30000
2003 996 31000
1990 2992 32000
2001 1998 33000
1991 997 34000
2390 2106 35000
1961 2027 36000
1994 2372 37000
1916 995 38000
997 1996 39000
3181 1991 40000
1030 1992 41000
1961 4092 42000
1993 1994 43000
1994 2025 44000
1963 1994 45000
2033 2401 46000
994 2992 47000
1994 1991 48000
3067 2001 49000
996 1960 50000
1995 3066 51000
1991 1995 52000
1996 2751 53000
1995 1994 54000
1971 1988 55000
2033 2061 56000
997 1997 57000
1991 2992 58000
1961 2028 59000
1995 1994 60000
1994 1994 61000
1995 996 62000
1994 1927 63000
2035 1979 64000
1990 2011 65000
1982 1994 66000
1994 1961 67000
2988 1994 68000
1997 2960 69000
3054 1995 70000
2991 2023 71000
2013 1995 72000
1999 1960 73000
2309 2003 74000
998 1993 75000
2993 1994 76000
1994 997 77000
1995 1995 78000
2048 1978 79000
997 1995 80000
1960 3063 81000
1994 1995 82000
1990 1998 83000
997 1994 84000
997 1960 85000
3197 1870 86000
1995 1994 87000
1992 1032 88000
1993 2987 89000
4040 983 90000
1994 997 91000
1994 1998 92000
1993 2029 93000
1994 2956 94000
2030 997 95000
1998 2985 96000
2021 1997 97000
1995 1961 98000
2039 2022 99000
1995 996 100000
1994 1994 101000
1998 1991 102000
1995 1993 103000
1894 997 104000
1995 995 105000
1998 1994 106000
1993 1995 107000
1995 2007 108000
981 1994 109000
998 2991 110000
1996 1992 111000
1995 1994 112000
1994 2032 113000
996 4953 114000
4741 3022 115000
2947 2961 116000
3000 3162 117000
3017 1995 118000
2961 2842 119000
2961 2082 120000
3982 2969 121000
3788 1968 122000
3961 3986 123000
3880 1993 124000
3089 2890 125000
2992 1994 126000
3976 2025 127000
1996 2958 128000
1994 997 129000
1994 997 130000
1994 1994 131000
4003 2650 132000
1994 1997 133000
1991 1994 134000
1994 2029 135000
1994 997 136000
2005 2025 137000
1993 1993 138000
1994 2017 139000
2008 1997 140000
1993 1991 141000
3031 1994 142000
1998 1957 143000
2036 2022 144000
997 1995 145000
1992 2096 146000
997 1994 147000
1993 2001 148000
2022 1994 149000
1997 1992 150000
2023 996 151000
997 1994 152000
3708 1994 153000
1994 2999 154000
1958 2992 155000
1994 2000 156000
1993 1994 157000
1994 3026 158000
1992 1995 159000
996 2992 160000
1994 1995 161000
1990 1821 162000
1992 1993 163000
1995 1997 164000
2002 1998 165000
1995 1993 166000
1999 2027 167000
1996 1992 168000
2038 1995 169000
2957 2028 170000
2043 1982 171000
2028 1994 172000
2038 985 173000
2006 1990 174000
1538 2989 175000
2963 2801 176000
1994 1995 177000
1992 2158 178000
1991 997 179000
1952 2037 180000
997 1994 181000
1994 1000 182000
1985 1994 183000
1995 2005 184000
2022 1994 185000
1994 1994 186000
1949 1995 187000
1991 1994 188000
2023 1993 189000
1994 2923 190000
2912 2031 191000
1994 2130 192000
1994 2959 193000
2605 997 194000
997 1995 195000
2303 1883 196000
1994 1995 197000
2948 2031 198000
1994 1990 199000
1965 2028 200000
1994 1994 201000
2084 1947 202000
1993 1962 203000
2137 1884 204000
1992 1994 205000
2028 1961 206000
993 1995 207000
3045 981 208000
1998 1956 209000
2095 1898 210000
1990 1994 211000
2027 1993 212000
2992 4287 213000
1994 2992 214000
1994 1994 215000
2962 2993 216000
1993 3022 217000
3988 2991 218000
2044 3976 219000
3989 2994 220000
4978 2961 221000
3230 2019 222000
1991 2025 223000
1929 1994 224000
1995 2044 225000
2990 1993 226000
2420 1932 227000
1994 1994 228000
2992 3005 229000
3036 2023 230000
1994 2991 231000
1997 2028 232000
1997 1988 233000
2031 2032 234000
1995 1990 235000
2031 1995 236000
1993 2990 237000
2896 1994 238000
1994 1995 239000
2028 1994 240000
1960 2680 241000
1896 1994 242000
2992 1996 243000
1992 1997 244000
1992 1998 245000
1993 1994 246000
1994 1997 247000
1994 1994 248000
1998 1999 249000
997 1994 250000
2010 1986 251000
1997 1992 252000
2097 1891 253000
997 1995 254000
2001 1991 255000
997 1994 256000
1992 1994 257000
1995 994 258000
1983 1994 259000
1961 2009 260000
3018 996 261000
1995 2103 262000
1991 1994 263000
1990 2107 264000
1994 1994 265000
1994 2045 266000
1992 1997 267000
1995 997 268000
2023 1994 269000
1959 2030 270000
1984 1996 271000
1995 1033 272000
997 1996 273000
1994 1996 274000
1994 997 275000
1994 1994 276000
2192 2062 277000
1989 997 278000
1032 1997 279000
1994 2000 280000
1994 1998 281000
1960 2028 282000
1960 2016 283000
1961 2028 284000
1994 2176 285000
1994 1994 286000
1993 2029 287000
1990 997 288000
1994 1995 289000
1893 1994 290000
1995 963 291000
1014 1994 292000
1994 1994 293000
1994 1995 294000
996 1995 295000
2003 2023 296000
1994 1995 297000
1967 2029 298000
998 1994 299000
1993 1995 300000
1994 1995 301000
1999 1989 302000
2000 1989 303000
1997 2000 304000
2991 3990 305000
4032 2993 306000
2990 2992 307000
1994 1994 308000
2050 1999 309000
1992 1995 310000
1940 1997 311000
1992 1994 312000
1997 1991 313000
2001 1988 314000
2017 1995 315000
997 2992 316000
2016 1994 317000
1995 1990 318000
1995 1993 319000
1994 1991 320000
1998 2028 321000
997 2958 322000
3020 1999 323000
1994 2072 324000
1998 1995 325000
1995 2997 326000
2024 1994 327000
1993 1994 328000
1994 1994 329000
1993 1997 330000
1997 1990 331000
2992 1994 332000
993 1995 333000
1997 2003 334000
2029 1993 335000
1989 2028 336000
2047 1994 337000
2001 1986 338000
1994 1994 339000
997 1995 340000
2037 995 341000
1995 1993 342000
2020 1995 343000
1994 1975 344000
1995 1994 345000
2000 1994 346000
2003 1994 347000
1994 1995 348000
883 1994 349000
1999 1989 350000
2031 1995 351000
1995 1998 352000
2031 2031 353000
1997 1990 354000
1994 1995 355000
1993 998 356000
3026 1993 357000
2044 4458 358000
1998 1997 359000
1995 2083 360000
1992 998 361000
997 3041 362000
997 1994 363000
2957 1994 364000
1994 1994 365000
996 3059 366000
2030 1993 367000
1990 2136 368000
1992 1994 369000
1960 1994 370000
1994 1994 371000
1994 2032 372000
2006 1020 373000
998 3107 374000
1994 998 375000
2000 2952 376000
2992 1965 377000
2009 2053 378000
1994 1960 379000
2040 1987 380000
1994 1996 381000
1994 1994 382000
1993 1995 383000
2022 1999 384000
1990 1995 385000
2954 2993 386000
2024 2149 387000
1994 997 388000
8976 9976 389000
2501 2025 390000
1995 3023 391000
1991 1994 392000
1996 3933 393000
3032 2474 394000
2991 3994 395000
3064 1947 396000
1984 2012 397000
1958 1995 398000
3025 1991 399000
1995 1994 400000
1963 2023 401000
1993 1994 402000
1994 3029 403000
1994 1998 404000
2130 1892 405000
1990 1994 406000
2028 1994 407000
1995 997 408000
2003 2022 409000
997 2992 410000
2004 1983 411000
1994 997 412000
1759 2023 413000
1997 1993 414000
1006 2023 415000
1998 1991 416000
1942 2023 417000
1996 1993 418000
1981 2942 419000
2027 1993 420000
1996 996 421000
2002 1997 422000
2009 1994 423000
1966 2033 424000
1995 1969 425000
2025 2035 426000
993 1995 427000
2725 3024 428000
996 1994 429000
2022 1996 430000
1996 1960 431000
1947 1994 432000
1995 2034 433000
3020 1994 434000
1995 1994 435000
997 1994 436000
2994 1723 437000
1994 1994 438000
1961 2028 439000
1990 1994 440000
2561 2039 441000
1996 997 442000
993 3274 443000
1991 1995 444000
2002 2136 445000
1995 1993 446000
1847 1993 447000
1997 1991 448000
2722 1512 449000
1995 1997 450000
1577 1995 451000
2963 1989 452000
1625 1996 453000
2000 1985 454000
1309 2025 455000
993 1994 456000
1998 1993 457000
1961 2041 458000
2006 993 459000
1994 3029 460000
1994 997 461000
2024 2004 462000
1994 1994 463000
2005 2052 464000
1995 1993 465000
2142 1885 466000
1990 1996 467000
1893 996 468000
1979 2018 469000
1994 1994 470000
1994 2003 471000
2035 1990 472000
1962 2261 473000
1994 1994 474000
1995 1993 475000
1994 1995 476000
2008 2022 477000
1994 1994 478000
1989 1999 479000
1992 1960 480000
1994 1994 481000
997 1994 482000
2023 997 483000
1994 1995 484000
1802 1993 485000
1994 1993 486000
1002 2987 487000
1961 2037 488000
2003 996 489000
963 3025 490000
1994 1994 491000
1994 1994 492000
1994 997 493000
2004 2055 494000
1994 1995 495000
2004 2981 496000
1994 1961 497000
1989 1994 498000
1993 1968 499000
1995 997 500000
1995 996 501000
2033 2021 502000
2000 1989 503000
1994 1000 504000
1960 2028 505000
1995 1994 506000
1958 2039 507000
996 1996 508000
1998 1991 509000
1994 1995 510000
2985 1998 511000
1998 1991 512000
2017 2048 513000
2957 2030 514000
996 1994 515000
1960 2028 516000
1995 1996 517000
1962 2034 518000
1024 1994 519000
1995 1993 520000
1992 1995 521000
1993 1994 522000
1995 1994 523000
1994 998 524000
1994 1961 525000
3028 997 526000
1995 1995 527000
2006 1992 528000
1995 2031 529000
1996 996 530000
1994 2032 531000
2002 1994 532000
3002 986 533000
1993 1994 534000
1995 1995 535000
3009 1995 536000
1007 3020 537000
1990 2128 538000
1990 997 539000
1960 2499 540000
1994 1000 541000
2129 1893 542000
1999 1976 543000
1825 1990 544000
1997 1991 545000
2002 1958 546000
2987 1998 547000
1994 1961 548000
2231 1792 549000
994 1995 550000
1992 1998 551000
1969 2019 552000
1998 997 553000
1967 2056 554000
1994 1994 555000
2018 2988 556000
1998 1994 557000
3025 997 558000
1994 2989 559000
2028 1995 560000
1987 2137 561000
1998 1992 562000
1995 1995 563000
997 1994 564000
1664 2520 565000
1961 1029 566000
1993 1996 567000
1994 1994 568000
1994 1995 569000
1990 2007 570000
2025 996 571000
2000 1989 572000
1964 2021 573000
4957 4008 574000
4986 3672 575000
7281 4935 576000
2991 3990 577000
4980 6059 578000
6515 5984 579000
2990 2991 580000
2992 996 581000
2992 1993 582000
1994 997 583000
1995 2028 584000
1741 1996 585000
1962 3025 586000
2000 1998 587000
1995 1993 588000
1995 2960 589000
2021 1994 590000
1995 1960 591000
1995 1001 592000
1995 1994 593000
1994 997 594000
2993 2990 595000
1961 2058 596000
1001 2988 597000
2038 1984 598000
2994 1986 599000
1995 1994 600000
1992 2827 601000
1991 1994 602000
2610 1955 603000
1995 1973 604000
1993 1994 605000
2957 2037 606000
2024 998 607000
2040 1983 608000
997 1995 609000
1993 1995 610000
1975 2014 611000
2030 995 612000
1971 2202 613000
1994 997 614000
1996 1958 615000
1995 1996 616000
2995 997 617000
1995 1960 618000
1912 1994 619000
1029 2992 620000
1992 1995 621000
3956 2991 622000
2991 2047 623000
1994 997 624000
1993 1994 625000
1994 1994 626000
1994 1994 627000
3000 2664 628000
2988 2043 629000
1994 2991 630000
2972 1994 631000
2679 2532 632000
1995 1996 633000
2014 998 634000
1966 2024 635000
2063 1928 636000
2313 1999 637000
2977 1991 638000
997 1994 639000
1997 1991 640000
1994 1996 641000
1989 1994 642000
1994 1990 643000
1994 1995 644000
1958 2137 645000
1996 1977 646000
2011 992 647000
1993 1994 648000
1998 2030 649000
996 1991 650000
996 1994 651000
1990 1997 652000
1999 991 653000
1993 2137 654000
1994 1994 655000
2004 2022 656000
997 2991 657000
1994 1002 658000
1993 2079 659000
1994 1994 660000
2173 1819 661000
1995 1961 662000
1994 997 663000
1994 1999 664000
2022 1994 665000
1992 2004 666000
992 1994 667000
2040 1949 668000
1995 1956 669000
1995 1000 670000
1994 1995 671000
1897 1994 672000
3051 1976 673000
996 1994 674000
1994 1994 675000
1994 1997 676000
1980 1993 677000
1995 2023 678000
2983 2997 679000
998 1994 680000
1998 3023 681000
1999 1990 682000
2028 1994 683000
1991 2119 684000
1994 1995 685000
2163 1899 686000
2000 1996 687000
1981 1994 688000
1990 2102 689000
1995 1993 690000
2085 1945 691000
1999 1956 692000
2028 1994 693000
1957 2027 694000
2002 1993 695000
1998 1990 696000
2992 1989 697000
2023 1995 698000
1993 1998 699000
1998 1990 700000
2635 1556 701000
1993 2000 702000
2032 1997 703000
1995 1994 704000
2026 1995 705000
1994 1994 706000
997 1994 707000
3085 1957 708000
1995 1989 709000
2022 1995 710000
1960 2066 711000
997 1993 712000
3005 1051 713000
1994 1991 714000
2009 2025 715000
1966 1749 716000
2022 1994 717000
2002 4017 718000
994 2995 719000
998 1993 720000
1994 2064 721000
998 1993 722000
2031 1995 723000
1994 1961 724000
1994 998 725000
1994 3029 726000
1990 996 727000
2023 998 728000
1002 1997 729000
997 1995 730000
1961 2031 731000
1993 1994 732000
2032 1995 733000
1994 1995 734000
2030 1994 735000
1997 2000 736000
1994 1994 737000
2034 1995 738000
1994 1994 739000
2030 1994 740000
1990 2046 741000
1995 1958 742000
3485 993 743000
2001 1960 744000
1994 2991 745000
2032 2957 746000
1994 2992 747000
2991 1994 748000
1993 1994 749000
1994 1994 750000
1994 1994 751000
1966 2040 752000
1993 1994 753000
2030 1992 754000
1995 1994 755000
2022 1994 756000
1996 2043 757000
1996 1992 758000
2991 3988 759000
965 3042 760000
996 1994 761000
1993 1995 762000
1992 1996 763000
1995 1994 764000
1994 997 765000
1995 1993 766000
2999 997 767000
1994 1997 768000
1995 1994 769000
1997 1991 770000
1994 3006 771000
1994 997 772000
2130 1893 773000
1991 1959 774000
1994 1993 775000
1995 2002 776000
1992 1995 777000
2005 1984 778000
1992 1995 779000
997 1994 780000
1993 3016 781000
997 1994 782000
1995 1994 783000
1993 1999 784000
1994 1995 785000
1995 2024 786000
997 1995 787000
1966 1994 788000
1991 2996 789000
1994 1994 790000
2032 1994 791000
1994 1993 792000
2032 1994 793000
2030 1994 794000
1994 1996 795000
1994 1995 796000
2977 2729 797000
1995 1994 798000
1998 3023 799000
2992 2033 800000
999 1991 801000
1995 2026 802000
1985 1994 803000
1995 997 804000
2550 997 805000
996 1997 806000
2008 1994 807000
1997 2066 808000
997 1994 809000
1991 1994 810000
1998 993 811000
1999 1998 812000
1994 1994 813000
1991 1994 814000
1917 998 815000
1995 2029 816000
1995 1993 817000
2015 1974 818000
2996 993 819000
1998 1996 820000
1990 2002 821000
2955 3970 822000
1976 1024 823000
1886 1994 824000
2010 1979 825000
2991 997 826000
2132 3880 827000
1994 1979 828000
1993 1995 829000
994 1995 830000
1001 2671 831000
10970 6025 832000
3957 2061 833000
2960 1996 834000
3976 4986 835000
2991 3858 836000
2990 3071 837000
1959 1994 838000
2992 997 839000
997 1994 840000
1994 1994 841000
1994 1994 842000
1994 2992 843000
1936 1994 844000
1994 1995 845000
1994 1994 846000
1989 2992 847000
1994 1994 848000
1994 1994 849000
1994 1994 850000
3035 1951 851000
2991 3050 852000
1994 1994 853000
1994 2992 854000
1994 2992 855000
1994 2992 856000
1909 1994 857000
1994 2992 858000
1992 1995 859000
1994 1994 860000
3742 991 861000
1994 1994 862000
2017 1995 863000
1706 2002 864000
1994 1993 865000
2029 1995 866000
3616 1094 867000
996 2991 868000
1993 2002 869000
1991 2008 870000
1993 2028 871000
1981 1994 872000
1996 2989 873000
1994 1994 874000
1999 2027 875000
1990 2009 876000
997 1994 877000
1955 1995 878000
2497 1594 879000
1993 998 880000
1994 1994 881000
1960 2579 882000
2000 1968 883000
2027 1993 884000
2992 2100 885000
1997 1993 886000
2071 1926 887000
1961 1994 888000
997 1994 889000
2081 1945 890000
1995 1995 891000
1912 1995 892000
2074 2947 893000
1993 2389 894000
998 1994 895000
1996 1989 896000
1994 2795 897000
1001 1994 898000
1928 1995 899000
1998 1991 900000
997 1994 901000
2125 1868 902000
967 2024 903000
997 1994 904000
2460 1925 905000
1994 964 906000
1992 997 907000
2100 2919 908000
1000 2010 909000
1994 1996 910000
2108 1989 911000
1991 2098 912000
1000 1990 913000
2637 1457 914000
1994 1979 915000
1994 1994 916000
2190 1994 917000
1999 2224 918000
1992 1994 919000
2142 1884 920000
2027 2808 921000
1991 1994 922000
1989 997 923000
1995 1994 924000
1005 1993 925000
2170 1852 926000
1994 1995 927000
1995 1995 928000
1001 3029 929000
1996 1988 930000
1994 1995 931000
1994 1995 932000
1994 1004 933000
2032 2002 934000
1995 1994 935000
1994 1994 936000
1995 1993 937000
1990 2007 938000
2128 1894 939000
1961 2033 940000
1994 996 941000
1995 1994 942000
1994 998 943000
2025 1994 944000
1996 3001 945000
1960 2028 946000
1994 997 947000
2033 2031 948000
1994 2072 949000
1994 997 950000
997 1994 951000
1991 2027 952000
1993 1994 953000
1891 996 954000
1993 1994 955000
997 1996 956000
2051 2046 957000
997 2991 958000
1995 1993 959000
1994 1994 960000
6673 11183 961000
5826 7979 962000
5986 2991 963000
1994 1994 964000
1994 1994 965000
2068 2923 966000
2005 2030 967000
1994 1994 968000
1993 1995 969000
1942 997 970000
3989 2992 971000
4989 4018 972000
1991 2994 973000
4027 1988 974000
2033 2017 975000
1994 3047 976000
1995 1997 977000
2909 1994 978000
2992 1994 979000
3010 3009 980000
2992 1997 981000
2022 1996 982000
1993 2962 983000
1995 1971 984000
1995 2007 985000
1996 1994 986000
1994 1998 987000
2020 2023 988000
1995 1993 989000
1995 1994 990000
2078 1983 991000
1994 1994 992000
1994 998 993000
2113 1948 994000
1994 1995 995000
1994 1994 996000
2044 1983 997000
1994 1961 998000
1998 1991 999000
5497 3020 1000000
1985 997 1001000
1994 1994 1002000
997 1994 1003000
2000 997 1004000
2996 996 1005000
1004 1993 1006000
1993 1995 1007000
2996 2991 1008000
2080 1912 1009000
2002 1995 1010000
1994 1994 1011000
1999 2034 1012000
1956 1992 1013000
997 1996 1014000
1031 1994 1015000
1995 2087 1016000
1997 994 1017000
1012 1997 1018000
1990 2099 1019000
1993 1995 1020000
1995 997 1021000
1992 2003 1022000
1994 1994 1023000
1937 1995 1024000
1994 1994 1025000
1965 2067 1026000
2992 1960 1027000
1924 1995 1028000
2034 3014 1029000
1994 2003 1030000
1994 1994 1031000
2884 994 1032000
3024 998 1033000
1994 1996 1034000
1995 1994 1035000
1040 2022 1036000
2962 4022 1037000
1964 4022 1038000
3069 984 1039000
2998 1913 1040000
1996 1995 1041000
2023 2989 1042000
2570 998 1043000
2959 2011 1044000
1995 1994 1045000
2022 1995 1046000
1995 2997 1047000
1989 1995 1048000
1994 996 1049000
1007 2022 1050000
1996 1993 1051000
1995 1995 1052000
2071 1954 1053000
1995 2003 1054000
1995 1995 1055000
2022 1994 1056000
1961 2022 1057000
1002 1999 1058000
1957 1994 1059000
1994 1993 1060000
1990 1994 1061000
1994 1959 1062000
2064 927 1063000
1994 1994 1064000
2001 1993 1065000
997 3029 1066000
1995 1990 1067000
998 1996 1068000
2023 2997 1069000
997 1994 1070000
1994 1994 1071000
999 1995 1072000
1994 1995 1073000
1995 1994 1074000
2024 1992 1075000
1995 1995 1076000
1995 1994 1077000
1994 1993 1078000
2038 2022 1079000
1994 1993 1080000
2000 1995 1081000
1994 1994 1082000
1997 1993 1083000
1994 997 1084000
2000 5982 1085000
2989 2996 1086000
2992 3020 1087000
2991 2965 1088000
1994 3961 1089000
2023 1996 1090000
3987 4003 1091000
2992 2989 1092000
3375 3000 1093000
1964 2991 1094000
1994 997 1095000
4987 2992 1096000
1994 1994 1097000
2134 1854 1098000
1994 2206 1099000
1994 1004 1100000
997 1994 1101000
1994 2040 1102000
1997 1991 1103000
1901 1990 1104000
2000 1997 1105000
1994 1991 1106000
1962 1992 1107000
1950 1994 1108000
1928 1994 1109000
1994 997 1110000
3005 3134 1111000
1993 3956 1112000
1993 3693 1113000
4991 4980 1114000
3989 997 1115000
1833 1994 1116000
2134 1889 1117000
1993 1994 1118000
1993 1995 1119000
2962 2022 1120000
2028 997 1121000
1990 1999 1122000
2028 1994 1123000
1959 1994 1124000
2992 1994 1125000
997 1961 1126000
2991 1994 1127000
2984 1994 1128000
1993 1994 1129000
2991 1998 1130000
996 2991 1131000
1994 1994 1132000
1989 1993 1133000
1995 1994 1134000
2001 1994 1135000
2028 1994 1136000
2988 1997 1137000
1991 2007 1138000
1994 1995 1139000
2022 1998 1140000
1980 2009 1141000
1994 1995 1142000
998 1993 1143000
2033 2025 1144000
1991 2008 1145000
2000 1994 1146000
2022 1995 1147000
1995 1998 1148000
2959 2027 1149000
1990 1995 1150000
1897 997 1151000
1994 1961 1152000
1994 2992 1153000
1994 2031 1154000
2023 1994 1155000
1994 3075 1156000
1993 1994 1157000
997 1995 1158000
2019 1995 1159000
2025 1994 1160000
2027 2002 1161000
1994 1996 1162000
986 1994 1163000
1994 3028 1164000
1994 1970 1165000
1988 998 1166000
2137 1922 1167000
1961 3014 1168000
1994 1994 1169000
2027 1994 1170000
2079 987 1171000
2001 2131 1172000
1998 1985 1173000
1994 1995 1174000
2058 2002 1175000
2991 2804 1176000
1996 1000 1177000
2028 997 1178000
2150 1842 1179000
1994 1994 1180000
1994 1959 1181000
1995 996 1182000
996 2996 1183000
997 1969 1184000
1995 1993 1185000
1996 1991 1186000
1994 2003 1187000
1992 1994 1188000
2029 1998 1189000
2988 996 1190000
1994 964 1191000
1995 996 1192000
1993 1994 1193000
1994 2005 1194000
997 2988 1195000
996 1994 1196000
2028 1996 1197000
1960 2039 1198000
1997 1992 1199000
997 1994 1200000
1002 1996 1201000
1995 1994 1202000
1995 995 1203000
2988 1998 1204000
2005 2023 1205000
1992 1960 1206000
1992 997 1207000
2023 1997 1208000
1994 2001 1209000
995 1961 1210000
2000 996 1211000
981 1997 1212000
1995 2032 1213000
1989 998 1214000
996 1995 1215000
1994 997 1216000
1960 1994 1217000
1990 1993 1218000
1994 997 1219000
2063 1902 1220000
1995 2010 1221000
1995 1993 1222000
1987 1994 1223000
1994 1997 1224000
1967 3042 1225000
1994 997 1226000
1873 1994 1227000
2023 1993 1228000
2043 1984 1229000
1994 2072 1230000
3992 2991 1231000
1994 2027 1232000
996 2957 1233000
1994 1961 1234000
2245 1817 1235000
1999 2105 1236000
2027 2006 1237000
1994 1995 1238000
2875 1994 1239000
2024 1995 1240000
3064 1963 1241000
3015 3003 1242000
1994 2074 1243000
1994 2434 1244000
1994 2959 1245000
2963 2025 1246000
1993 1995 1247000
1994 1961 1248000
1870 2959 1249000
1994 1995 1250000
3167 1819 1251000
2025 1994 1252000
2000 3683 1253000
2959 2026 1254000
3015 1992 1255000
2029 2958 1256000
1994 3989 1257000
2022 1992 1258000
1994 1970 1259000
2001 2959 1260000
2993 2028 1261000
3024 1001 1262000
2026 2000 1263000
992 3957 1264000
5113 2870 1265000
2992 1997 1266000
1961 2028 1267000
1994 1995 1268000
1995 1995 1269000
3000 1986 1270000
992 3141 1271000
1995 1993 1272000
996 1994 1273000
1999 1990 1274000
1990 2008 1275000
1996 1960 1276000
1995 1994 1277000
2035 1990 1278000
1562 3002 1279000
1994 1994 1280000
998 1992 1281000
1993 997 1282000
3022 1992 1283000
2960 997 1284000
2006 2980 1285000
1994 2013 1286000
1995 1997 1287000
2022 1994 1288000
1995 1994 1289000
1995 1993 1290000
998 1993 1291000
890 2974 1292000
2137 1889 1293000
1031 3304 1294000
2001 1992 1295000
1998 2955 1296000
2000 997 1297000
2021 1994 1298000
2017 1980 1299000
1993 2958 1300000
1994 2991 1301000
1983 2992 1302000
2991 2991 1303000
2098 1891 1304000
992 3012 1305000
1999 1994 1306000
1994 996 1307000
2891 995 1308000
2028 2130 1309000
1961 2029 1310000
1994 1995 1311000
2023 1960 1312000
1994 1994 1313000
1994 1994 1314000
1994 1994 1315000
2981 1994 1316000
2031 2002 1317000
958 2024 1318000
2000 1993 1319000
2023 1994 1320000
2032 1993 1321000
1957 2039 1322000
1999 1996 1323000
998 1993 1324000
3029 997 1325000
1994 2027 1326000
1994 997 1327000
1994 997 1328000
1996 1996 1329000
1806 2023 1330000
997 1993 1331000
1994 1994 1332000
1962 1994 1333000
2037 2949 1334000
2990 1994 1335000
1994 1994 1336000
997 1994 1337000
1994 997 1338000
1994 1994 1339000
1994 1994 1340000
1994 1994 1341000
1994 1994 1342000
997 1994 1343000
1994 2993 1344000
1994 1994 1345000
2003 1993 1346000
1022 3035 1347000
1994 1994 1348000
1994 1994 1349000
1894 1990 1350000
2659 998 1351000
2029 2002 1352000
1000 1957 1353000
1994 1998 1354000
1994 996 1355000
2006 1999 1356000
1964 2034 1357000
1994 3033 1358000
1994 1994 1359000
1994 1994 1360000
1988 1994 1361000
1994 2133 1362000
1995 1994 1363000
996 1994 1364000
1994 1995 1365000
2095 929 1366000
1984 2036 1367000
1994 1965 1368000
1998 1990 1369000
2051 2002 1370000
2103 1896 1371000
1989 1998 1372000
1994 1994 1373000
1025 1994 1374000
2141 1884 1375000
1960 2065 1376000
1994 1994 1377000
996 1994 1378000
1947 1993 1379000
2166 1894 1380000
1960 2113 1381000
999 1992 1382000
1961 1994 1383000
2021 999 1384000
1993 1993 1385000
1995 1994 1386000
1993 1999 1387000
1994 1995 1388000
1994 1996 1389000
1960 2115 1390000
1993 1962 1391000
2992 2000 1392000
1996 1992 1393000
2071 1955 1394000
1993 2002 1395000
1997 1986 1396000
1996 1992 1397000
1992 1994 1398000
1991 1995 1399000
1992 1994 1400000
961 1998 1401000
999 1990 1402000
1947 1994 1403000
2147 1845 1404000
1999 2020 1405000
3992 2995 1406000
1961 2150 1407000
1955 1996 1408000
1996 1957 1409000
1981 1994 1410000
1995 1994 1411000
1992 1996 1412000
2001 1987 1413000
996 2993 1414000
1994 997 1415000
1844 1994 1416000
1997 1994 1417000
1961 2044 1418000
1996 1993 1419000
1994 1994 1420000
1994 1998 1421000
2003 2023 1422000
1990 2002 1423000
1995 1961 1424000
2000 997 1425000
1983 996 1426000
2000 2029 1427000
2959 3215 1428000
1990 2084 1429000
1994 1991 1430000
997 1994 1431000
1994 1994 1432000
2127 1899 1433000
1962 2991 1434000
1994 1994 1435000
1994 1994 1436000
1994 1995 1437000
2029 2027 1438000
2661 1116 1439000
2958 2028 1440000
1998 1991 1441000
1991 1994 1442000
1689 1994 1443000
2028 1994 1444000
1958 2044 1445000
1993 1961 1446000
1993 1995 1447000
1993 1960 1448000
2007 2026 1449000
2030 1993 1450000
1995 1993 1451000
2000 1993 1452000
1995 1993 1453000
2026 1992 1454000
2142 1851 1455000
1961 2030 1456000
1994 1994 1457000
1996 1992 1458000
1986 1992 1459000
1994 1994 1460000
1994 1994 1461000
995 1991 1462000
1995 996 1463000
1994 997 1464000
2009 2023 1465000
2003 1996 1466000
997 1994 1467000
2000 997 1468000
2028 997 1469000
2030 2026 1470000
1996 2991 1471000
999 2991 1472000
1994 1996 1473000
1995 997 1474000
2024 1993 1475000
2032 997 1476000
1995 1997 1477000
1994 1994 1478000
1994 1990 1479000
1994 1996 1480000
2028 1994 1481000
2058 2032 1482000
1031 2032 1483000
996 1994 1484000
2992 1999 1485000
997 1995 1486000
1994 996 1487000
2023 2996 1488000
1993 1994 1489000
3025 1994 1490000
2005 2021 1491000
1993 2004 1492000
1994 1961 1493000
996 1994 1494000
998 1994 1495000
1994 1994 1496000
997 1994 1497000
2001 2009 1498000
1994 1994 1499000
2028 1994 1500000
2027 2036 1501000
2003 2023 1502000
1994 2027 1503000
1994 1990 1504000
1994 1994 1505000
997 1993 1506000
997 2992 1507000
1994 2031 1508000
1994 1997 1509000
1993 1997 1510000
1995 1994 1511000
1997 2029 1512000
1998 1991 1513000
1000 2989 1514000
1994 3994 1515000
1999 1990 1516000
2000 997 1517000
1995 1995 1518000
1998 2028 1519000
3001 1983 1520000
1994 2004 1521000
1994 1994 1522000
1999 1994 1523000
1995 996 1524000
2030 1994 1525000
2032 1999 1526000
1994 2016 1527000
993 3025 1528000
1994 1996 1529000
1990 1959 1530000
1995 997 1531000
1995 1994 1532000
1992 1966 1533000
1993 1994 1534000
997 1990 1535000
1989 997 1536000
1962 3018 1537000
1926 1994 1538000
2996 1994 1539000
1995 1993 1540000
1994 1995 1541000
1994 1991 1542000
2026 2001 1543000
997 1999 1544000
2000 1994 1545000
2023 2003 1546000
1998 1995 1547000
1994 1960 1548000
997 1994 1549000
997 1994 1550000
1994 1994 1551000
1994 2028 1552000
2999 1030 1553000
1994 1995 1554000
1994 1995 1555000
1994 997 1556000
1994 1995 1557000
2000 997 1558000
1994 1995 1559000
1999 2032 1560000
1995 1993 1561000
1998 997 1562000
997 1994 1563000
1993 1994 1564000
2094 1966 1565000
2004 2021 1566000
1994 2032 1567000
1994 1994 1568000
1994 1995 1569000
1984 1994 1570000
2023 1994 1571000
2043 1980 1572000
2999 2017 1573000
1995 2002 1574000
1999 1994 1575000
1997 1991 1576000
1994 1001 1577000
1988 2029 1578000
2025 1960 1579000
1853 1922 1580000
1994 1970 1581000
1960 2013 1582000
1978 1977 1583000
1961 1994 1584000
1970 2021 1585000
1996 1993 1586000
999 1991 1587000
1992 997 1588000
1961 2992 1589000
1864 2021 1590000
2988 2020 1591000
3956 2020 1592000
1030 1994 1593000
2037 2985 1594000
2979 1970 1595000
2992 997 1596000
2803 1995 1597000
1865 2001 1598000
1999 2020 1599000
3957 1963 1600000
1969 3014 1601000
2991 2028 1602000
2024 2091 1603000
3970 3006 1604000
2997 2026 1605000
2880 2027 1606000
1997 1995 1607000
3957 3588 1608000
2029 3021 1609000
1859 2987 1610000
2126 1893 1611000
2987 2993 1612000
1995 1994 1613000
2003 1956 1614000
1990 3901 1615000
2021 2071 1616000
3092 1990 1617000
4245 1998 1618000
1985 2001 1619000
1994 3023 1620000
2028 2957 1621000
2999 1991 1622000
3204 2011 1623000
2758 2989 1624000
3940 2992 1625000
1994 997 1626000
2032 1992 1627000
2022 1995 1628000
1002 1997 1629000
1947 2958 1630000
3020 1005 1631000
2929 1721 1632000
1994 3032 1633000
1977 3037 1634000
1994 1960 1635000
2023 1997 1636000
1994 1995 1637000
1994 1994 1638000
2022 1998 1639000
1995 2028 1640000
2000 2994 1641000
2006 2022 1642000
2000 3065 1643000
1994 1994 1644000
2000 1963 1645000
997 1995 1646000
1983 2003 1647000
2989 1994 1648000
1905 1995 1649000
1993 1994 1650000
2994 1994 1651000
2997 1994 1652000
3051 2936 1653000
2062 1926 1654000
2278 1993 1655000
3723 1996 1656000
2141 1882 1657000
1996 2027 1658000
1993 1968 1659000
1961 2268 1660000
1995 2991 1661000
1966 1988 1662000
2027 1995 1663000
1994 1990 1664000
1998 1991 1665000
1993 2962 1666000
1962 2027 1667000
3016 1994 1668000
1029 1994 1669000
2002 1958 1670000
2968 3011 1671000
3017 994 1672000
1001 3968 1673000
2993 3026 1674000
3207 2996 1675000
1993 3023 1676000
2991 2957 1677000
2991 2129 1678000
3186 2963 1679000
2987 2022 1680000
2489 2992 1681000
2961 2028 1682000
2023 3163 1683000
2967 4985 1684000
2019 3961 1685000
3020 1994 1686000
4246 3018 1687000
2976 2960 1688000
2996 2988 1689000
5020 4955 1690000
4020 2963 1691000
3991 2990 1692000
4638 3985 1693000
3990 3437 1694000
3985 2992 1695000
2991 3002 1696000
3935 2990 1697000
2991 2993 1698000
2991 2993 1699000
4193 2992 1700000
2961 4570 1701000
2528 3990 1702000
1994 3622 1703000
2012 3989 1704000
2975 2012 1705000
3988 2991 1706000
2991 1994 1707000
1994 3004 1708000
3922 1967 1709000
2039 2977 1710000
2930 1994 1711000
2992 2992 1712000
2991 3161 1713000
3511 2992 1714000
1994 2992 1715000
2991 2992 1716000
2991 2992 1717000
2963 1994 1718000
1993 1994 1719000
2991 1994 1720000
2989 2993 1721000
2992 2024 1722000
3068 3950 1723000
2992 2023 1724000
1994 1994 1725000
1028 2990 1726000
1993 1994 1727000
1985 1993 1728000
1993 2991 1729000
1993 1996 1730000
3021 2988 1731000
3002 2985 1732000
2954 1994 1733000
2992 2993 1734000
1995 2994 1735000
3989 2991 1736000
1993 1995 1737000
2987 2991 1738000
2980 2990 1739000
2991 1994 1740000
2991 1994 1741000
2992 2991 1742000
2022 3006 1743000
2991 2992 1744000
2996 2993 1745000
2998 1988 1746000
2992 2995 1747000
2992 3990 1748000
1984 2993 1749000
2991 1995 1750000
2992 3513 1751000
2997 2992 1752000
1993 2992 1753000
2991 3023 1754000
2992 2991 1755000
2984 1995 1756000
1994 2991 1757000
1993 3995 1758000
2990 2991 1759000
2992 2991 1760000
2992 3988 1761000
2990 1994 1762000
1994 2993 1763000
1994 2993 1764000
2992 2991 1765000
2989 2992 1766000
2992 2991 1767000
2991 2991 1768000
1993 2992 1769000
2992 2991 1770000
1995 3073 1771000
3512 2990 1772000
2992 2991 1773000
3541 2991 1774000
2992 1994 1775000
2986 3039 1776000
3041 1994 1777000
1983 2991 1778000
2992 2991 1779000
1994 3006 1780000
1994 2728 1781000
2536 2001 1782000
2989 2991 1783000
1994 1994 1784000
1994 2992 1785000
2522 2539 1786000
3036 1994 1787000
3104 1966 1788000
2991 1995 1789000
3989 1993 1790000
1994 3053 1791000
2991 2056 1792000
1989 2961 1793000
1965 3176 1794000
1992 2991 1795000
2991 2992 1796000
1994 2992 1797000
3387 2505 1798000
2533 2991 1799000
1994 3537 1800000
1997 2989 1801000
2984 2992 1802000
2972 2991 1803000
2991 1994 1804000
2991 1994 1805000
2991 2992 1806000
2992 2992 1807000
2417 2995 1808000
3063 1993 1809000
2983 2961 1810000
1994 2991 1811000
1994 2997 1812000
2991 1995 1813000
1994 3008 1814000
2992 2991 1815000
2992 1995 1816000
2991 1994 1817000
2993 2991 1818000
2992 2991 1819000
1994 2992 1820000
1994 2993 1821000
2991 1994 1822000
2991 2992 1823000
1994 2992 1824000
3022 1994 1825000
1995 3965 1826000
3042 2945 1827000
2992 1994 1828000
1995 3991 1829000
3104 2883 1830000
1995 2991 1831000
2991 2997 1832000
2000 2991 1833000
1994 2991 1834000
2991 3025 1835000
3034 2018 1836000
2978 1994 1837000
2992 2991 1838000
3876 2775 1839000
1993 2992 1840000
2992 3003 1841000
2998 2990 1842000
2991 1995 1843000
2991 1995 1844000
3024 1967 1845000
2984 1994 1846000
2990 2992 1847000
2633 5979 1848000
4985 4987 1849000
5001 3975 1850000
1994 1994 1851000
1993 1995 1852000
1994 1995 1853000
2992 1995 1854000
1996 2006 1855000
1994 2018 1856000
2995 2020 1857000
3005 1014 1858000
2763 2991 1859000
2991 2993 1860000
1995 3963 1861000
1567 2964 1862000
2992 2992 1863000
2992 2992 1864000
2991 1994 1865000
2992 1995 1866000
2990 2992 1867000
1995 2992 1868000
1993 2993 1869000
3525 2504 1870000
2958 1993 1871000
2991 2991 1872000
2992 2991 1873000
2986 1995 1874000
1994 2993 1875000
2992 2997 1876000
1967 2990 1877000
1992 2961 1878000
2962 2991 1879000
2406 1995 1880000
1994 2989 1881000
2001 995 1882000
1993 997 1883000
1996 1992 1884000
1001 1993 1885000
2028 996 1886000
1950 998 1887000
1960 1994 1888000
2136 1884 1889000
3028 959 1890000
2989 998 1891000
1939 1999 1892000
2020 1995 1893000
2026 1989 1894000
1996 1995 1895000
1994 997 1896000
2991 1501 1897000
1994 1994 1898000
2004 1984 1899000
1994 1994 1900000
1996 1958 1901000
996 1995 1902000
1994 1995 1903000
1993 1995 1904000
995 1996 1905000
1995 1996 1906000
2028 1994 1907000
1995 1994 1908000
1994 998 1909000
1994 1995 1910000
2135 1894 1911000
3029 997 1912000
1990 1999 1913000
1992 2136 1914000
1994 1942 1915000
1994 2038 1916000
1993 1994 1917000
999 1992 1918000
2991 1961 1919000
1994 1980 1920000
1994 997 1921000
1994 1996 1922000
1988 1994 1923000
1021 1993 1924000
1983 1994 1925000
1994 1995 1926000
2003 2024 1927000
2007 1982 1928000
1991 1999 1929000
1960 2036 1930000
1969 2052 1931000
1993 1994 1932000
997 2991 1933000
1993 1964 1934000
1995 1993 1935000
1994 998 1936000
1994 2001 1937000
1002 1995 1938000
1989 1994 1939000
1995 996 1940000
1990 1994 1941000
1892 1994 1942000
2029 1992 1943000
2035 1991 1944000
2006 998 1945000
998 1993 1946000
2023 1995 1947000
2995 1030 1948000
2029 1994 1949000
2699 2004 1950000
1994 1994 1951000
2957 2030 1952000
2028 1997 1953000
1991 2098 1954000
1994 1994 1955000
964 2074 1956000
1994 1960 1957000
1994 1966 1958000
1994 1997 1959000
1996 996 1960000
997 1995 1961000
1994 1994 1962000
1998 1994 1963000
1893 1994 1964000
997 1994 1965000
997 1994 1966000
1994 2992 1967000
1994 1994 1968000
2133 1891 1969000
1994 2033 1970000
1975 2079 1971000
2992 1994 1972000
1995 1993 1973000
1990 2007 1974000
1994 1994 1975000
1995 1994 1976000
1995 1994 1977000
1993 1995 1978000
1999 997 1979000
1998 1991 1980000
1994 997 1981000
1002 1994 1982000
996 2994 1983000
1994 1994 1984000
1995 1994 1985000
1995 1999 1986000
1995 1995 1987000
1976 1995 1988000
2026 1991 1989000
1991 1994 1990000
1998 2028 1991000
2000 1992 1992000
2026 3989 1993000
1983 1000 1994000
2022 1995 1995000
2024 1993 1996000
2022 1994 1997000
1851 999 1998000
1865 2029 1999000
1995 997 2000000
