8000 947999 4990000
4005 1567994 4980000
3997 1567998 4970000
4005 1555994 4960000
3999 1559999 4950000
3999 1547998 4940000
4000 1559998 4930000
4001 1879996 4920000
3971 1368019 4910000
7980 2052025 4900000
3999 1587999 4890000
3999 1563970 4880000
4000 1748028 4870000
8000 2211966 4860000
4000 1540028 4850000
3999 1551998 4840000
4000 1655999 4830000
8002 1647995 4820000
3999 1647999 4810000
8000 1795998 4800000
3999 1688003 4790000
3995 1220000 4780000
3998 1451999 4770000
3999 1551999 4760000
4000 1571987 4750000
4010 1563998 4740000
3999 1567999 4730000
4004 1643998 4720000
3997 1571968 4710000
4000 1552028 4700000
4000 1568000 4690000
3997 1207971 4680000
8000 1016000 4670000
8000 892026 4660000
3999 755999 4650000
4000 839998 4640000
8000 803971 4630000
3999 688027 4620000
3972 752031 4610000
3998 811996 4600000
4003 871996 4590000
4000 692000 4580000
3999 719998 4570000
4000 792000 4560000
3999 851999 4550000
4000 803999 4540000
4002 707996 4530000
4000 412000 4520000
3999 8001 4510000
4002 7996 4500000
4005 7995 4490000
4000 7999 4480000
4000 12000 4470000
4000 7999 4460000
4003 7997 4450000
4000 8003 4440000
3996 7999 4430000
4000 8000 4420000
3999 11999 4410000
4001 7998 4400000
3999 360000 4390000
3999 880000 4380000
4002 691996 4370000
3999 727999 4360000
4004 783965 4350000
3999 856028 4340000
3999 792008 4330000
3991 695999 4320000
7999 755999 4310000
3999 823999 4300000
4000 875999 4290000
4000 667998 4280000
4000 735969 4270000
4000 356030 4260000
3999 7999 4250000
3999 8005 4240000
4000 7995 4230000
3999 11999 4220000
4001 7999 4210000
3999 8000 4200000
3999 8000 4190000
4000 7999 4180000
3999 8000 4170000
4000 12000 4160000
4001 8000 4150000
3998 8000 4140000
4000 484000 4130000
3999 795999 4120000
3999 684000 4110000
4003 767995 4100000
4000 827999 4090000
4001 879997 4080000
3999 668002 4070000
3998 759999 4060000
3998 1003970 4050000
4000 1311999 4040000
4000 964027 4030000
3999 699999 4020000
4000 1071998 4010000
4000 715970 4000000
4000 15999 3990000
8013 15987 3980000
7999 12000 3970000
8001 20000 3960000
4000 15998 3950000
7999 15999 3940000
3998 16001 3930000
4000 12029 3920000
3999 15969 3910000
3999 12032 3900000
7969 12030 3890000
7998 15969 3880000
4000 768028 3870000
4000 675999 3860000
3999 731999 3850000
4000 807999 3840000
4000 875999 3830000
3999 899999 3820000
4000 707971 3810000
3999 1939999 3800000
24000 1299998 3790000
4028 859999 3780000
4000 672002 3770000
3996 735999 3760000
4000 799999 3750000
4000 187999 3740000
4000 7999 3730000
3999 8000 3720000
3971 8028 3710000
4001 7998 3700000
4004 7996 3690000
8000 12000 3680000
4000 11999 3670000
4001 11998 3660000
4000 7998 3650000
3999 8000 3640000
4000 11999 3630000
3999 8004 3620000
3996 695999 3610000
4000 699998 3600000
0 788000 3590000
3999 828000 3580000
3998 900001 3570000
4003 679994 3560000
4000 735999 3550000
3999 1231971 3540000
32000 1284027 3530000
3998 752000 3520000
3999 720004 3510000
3996 775998 3500000
4000 835999 3490000
4000 67999 3480000
4001 7998 3470000
0 7999 3460000
4000 7999 3450000
3999 7999 3440000
4000 7999 3430000
4002 7997 3420000
4004 7995 3410000
4000 8000 3400000
3999 7999 3390000
0 8000 3380000
3999 8000 3370000
3999 8000 3360000
3999 659999 3350000
4005 1035968 3340000
7999 1355998 3330000
7999 1076031 3320000
4002 883992 3310000
3999 796000 3300000
3998 1056009 3290000
3991 1008000 3280000
7969 1416028 3270000
3999 752000 3260000
3999 799999 3250000
3999 948004 3240000
3994 900000 3230000
3999 8000 3220000
4000 8001 3210000
3998 7972 3200000
4027 11971 3190000
4028 8000 3180000
3999 7971 3170000
4000 8027 3160000
4000 11999 3150000
4003 7968 3140000
4027 12000 3130000
3972 7999 3120000
7998 8001 3110000
4028 19969 3100000
4000 792029 3090000
4000 903997 3080000
4000 863998 3070000
3972 852027 3060000
4000 715999 3050000
3999 839999 3040000
3980 888018 3030000
4007 1067964 3020000
7999 884033 3010000
3999 795993 3000000
4000 1107971 2990000
7999 1044028 2980000
3999 792000 2970000
3999 7971 2960000
4028 11999 2950000
0 11999 2940000
4000 8000 2930000
3999 8000 2920000
4000 12000 2910000
3970 12029 2900000
3999 7999 2890000
3971 12030 2880000
3998 7970 2870000
4000 12028 2860000
3972 8027 2850000
4005 59966 2840000
8030 811999 2830000
3999 943997 2820000
4005 927965 2810000
0 748028 2800000
4000 723999 2790000
0 787999 2780000
3999 996000 2770000
4000 1403968 2760000
3999 1032029 2750000
3999 772000 2740000
3998 844000 2730000
4004 871995 2720000
0 539998 2710000
4002 7997 2700000
0 7999 2690000
4000 8000 2680000
4004 7995 2670000
3999 7999 2660000
3999 7999 2650000
4000 8000 2640000
0 8000 2630000
3999 8005 2620000
3995 7999 2610000
4000 8001 2600000
3998 7999 2590000
4001 91999 2580000
4000 780000 2570000
3999 835999 2560000
4000 839999 2550000
4000 671999 2540000
3999 744000 2530000
3999 839999 2520000
0 916000 2510000
3999 799970 2500000
3999 720029 2490000
3999 784000 2480000
4002 859968 2470000
4028 804000 2460000
3999 483998 2450000
4000 8002 2440000
3997 4004 2430000
3995 8002 2420000
3998 8001 2410000
3998 7999 2400000
0 8001 2390000
3999 8000 2380000
3971 7999 2370000
4000 8000 2360000
0 7999 2350000
3999 7999 2340000
4000 7999 2330000
0 164029 2320000
4002 855998 2310000
0 879998 2300000
4000 715998 2290000
0 711999 2280000
4000 811998 2270000
3999 847999 2260000
0 811970 2250000
0 684001 2240000
3999 752033 2230000
3994 839999 2220000
3999 879999 2210000
0 691999 2200000
4000 451999 2190000
3999 8000 2180000
0 8004 2170000
3995 8000 2160000
0 7999 2150000
3970 3999 2140000
4000 8030 2130000
3999 7999 2120000
0 8000 2110000
4004 3995 2100000
4001 7999 2090000
4000 3999 2080000
4000 8000 2070000
3999 272000 2060000
3999 844000 2050000
3999 819998 2040000
4000 683999 2030000
0 755970 2020000
0 904029 2010000
3999 1340000 2000000
3999 803996 1990000
0 723999 1980000
0 816001 1970000
0 867996 1960000
4000 783999 1950000
3999 687999 1940000
0 423999 1930000
0 7999 1920000
4000 8003 1910000
0 7995 1900000
4000 8000 1890000
0 7999 1880000
3999 8000 1870000
0 7999 1860000
4005 7995 1850000
0 7999 1840000
4000 3999 1830000
3999 8000 1820000
4000 3999 1810000
4000 343999 1800000
4000 884005 1790000
0 699994 1780000
4001 711997 1770000
0 783999 1760000
3999 843999 1750000
4000 799999 1740000
3999 687999 1730000
3999 751999 1720000
4000 819999 1710000
0 883999 1700000
3999 663970 1690000
4000 724000 1680000
0 368027 1670000
4000 8004 1660000
3995 4001 1650000
3999 8000 1640000
0 8000 1630000
3999 8000 1620000
0 7999 1610000
4006 7994 1600000
0 8004 1590000
3996 8000 1580000
3999 3998 1570000
4006 7994 1560000
4000 4000 1550000
3999 867971 1540000
7999 924027 1530000
3999 831999 1520000
4000 811970 1510000
0 868030 1500000
3997 939999 1490000
4000 771999 1480000
4002 787997 1470000
0 847999 1460000
4000 943971 1450000
4032 911995 1440000
0 760000 1430000
3998 796001 1420000
4001 283996 1410000
3999 7999 1400000
0 8000 1390000
3999 3999 1380000
4000 7999 1370000
0 8000 1360000
3999 8000 1350000
0 7999 1340000
4000 3999 1330000
4000 7999 1320000
0 8002 1310000
3997 7999 1300000
0 8000 1290000
3999 667980 1280000
4018 799971 1270000
0 1103999 1260000
3998 1144028 1250000
4000 855999 1240000
4001 795973 1230000
7996 788027 1220000
4000 859999 1210000
3971 923999 1200000
4028 1019983 1190000
4017 831997 1180000
4001 835969 1170000
4000 920033 1160000
4002 203992 1150000
3999 3973 1140000
4026 8000 1130000
3971 8028 1120000
0 8000 1110000
3975 8023 1100000
0 8000 1090000
4000 7986 1080000
4012 8000 1070000
3970 8037 1060000
3991 11999 1050000
0 8000 1040000
3974 8044 1030000
3980 719999 1020000
4000 795971 1010000
4027 835999 1000000
0 855999 990000
3999 871999 980000
0 715998 970000
0 908000 960000
3999 1031971 950000
0 1320021 940000
3979 920028 930000
3996 771970 920000
4032 975995 910000
0 883999 900000
3999 68000 890000
3999 4000 880000
3999 4000 870000
4000 7999 860000
0 8000 850000
4000 3999 840000
4000 8000 830000
0 7999 820000
3999 4000 810000
4000 7999 800000
0 8000 790000
3999 4001 780000
3998 8000 770000
0 676000 760000
0 724002 750000
3996 795999 740000
0 924001 730000
3997 843974 720000
0 772024 710000
0 871970 700000
0 956028 690000
0 972003 680000
3997 1207968 670000
0 1215999 660000
3999 876029 650000
0 903998 640000
0 8000 630000
3985 4014 620000
3972 7998 610000
0 8030 600000
0 7999 590000
3999 8000 580000
0 8031 570000
3968 3999 560000
4000 8000 550000
0 7972 540000
4027 8000 530000
0 7974 520000
4026 16004 510000
3994 743970 500000
3999 920028 490000
4000 1199999 480000
3971 976027 470000
4000 807998 460000
4007 815992 450000
3999 911999 440000
3970 988028 430000
0 819999 420000
0 1095999 410000
4003 851999 400000
0 1039995 390000
4000 747968 380000
4000 8028 370000
0 7999 360000
0 8001 350000
0 7999 340000
0 8000 330000
3971 4028 320000
3999 4000 310000
3999 8099 300000
0 7904 290000
0 7995 280000
0 8000 270000
0 7999 260000
0 48000 250000
0 740001 240000
0 804003 230000
0 863994 220000
3999 736000 210000
0 707999 200000
0 771999 190000
0 831999 180000
3999 831999 170000
4000 671971 160000
3999 736030 150000
3997 808004 140000
0 859966 130000
0 552027 120000
0 4000 110000
4000 3999 100000
4001 3998 90000
4004 3995 80000
4004 3994 70000
4000 3999 60000
3999 468004 50000
0 815995 40000
0 688001 30000
3996 567999 20000
0 8000 10000
0 543999 0
