67819 2729700 24975000
68814 4036206 24950000
68848 3881618 24925000
67784 3856687 24900000
75798 3915587 24875000
68794 3264265 24850000
67818 3949061 24825000
70811 3947476 24800000
69816 4011235 24775000
67818 3891628 24750000
68779 3566461 24725000
69812 3642292 24700000
67817 3878627 24675000
68781 3845748 24650000
69811 4246610 24625000
69814 4854019 24600000
78788 4201763 24575000
75796 4085108 24550000
68781 4193784 24525000
67855 3852691 24500000
69814 4113586 24475000
66819 3174511 24450000
65823 3786871 24425000
66821 3777897 24400000
64825 3729060 24375000
66821 3740960 24350000
64826 3123644 24325000
65823 3734014 24300000
64826 3725036 24275000
65823 3730025 24250000
64826 3755989 24225000
66811 3306130 24200000
66821 3965395 24175000
66821 3782916 24150000
65826 3743983 24125000
69778 3737007 24100000
65823 3206457 24075000
66822 3720017 24050000
64826 3719053 24025000
65823 3760974 24000000
65825 3747939 23975000
68852 3607317 23950000
65823 3257321 23925000
63830 3731021 23900000
65826 3727028 23875000
65826 3723007 23850000
64826 3785908 23825000
66822 3196414 23800000
66821 3764931 23775000
65823 3753995 23750000
65827 3922471 23725000
66855 3803401 23700000
65789 3229363 23675000
65824 3851699 23650000
62831 3748010 23625000
65815 3774877 23600000
63829 3730025 23575000
63829 3134615 23550000
64826 3722045 23525000
64826 3749972 23500000
64826 3838733 23475000
65823 3744984 23450000
63827 2304835 23425000
61834 1387291 23400000
63827 1737353 23375000
61834 866682 23350000
64826 1107039 23325000
62832 797899 23300000
64793 1881967 23275000
64863 1890939 23250000
65824 1888947 23225000
63830 1889909 23200000
62831 1897959 23175000
63829 201460 23150000
62837 74794 23125000
62831 74805 23100000
62827 74799 23075000
61839 74794 23050000
64791 1346434 23025000
63829 1885954 23000000
62798 1879972 22975000
62831 1888948 22950000
61834 1894965 22925000
61801 884632 22900000
61834 72806 22875000
62831 82778 22850000
68815 76795 22825000
61866 73809 22800000
60831 711098 22775000
64826 1873953 22750000
60837 1872991 22725000
61833 1902910 22700000
64827 1903941 22675000
63825 1541841 22650000
59840 72805 22625000
61868 74800 22600000
62831 72806 22575000
61834 74802 22550000
60800 89759 22525000
60837 1859065 22500000
61838 1858987 22475000
61835 1868041 22450000
61795 1870032 22425000
62797 1873989 22400000
59839 381015 22375000
60837 73802 22350000
61836 72803 22325000
60838 73805 22300000
61830 74800 22275000
61835 1268607 22250000
60836 1858994 22225000
60835 1907932 22200000
62797 1878011 22175000
62834 1870961 22150000
59839 1023262 22125000
61868 74765 22100000
58843 71807 22075000
61870 73800 22050000
61837 73801 22025000
61835 666217 22000000
60837 1847059 21975000
61834 1875948 21950000
61834 1867007 21925000
59839 1862053 21900000
60838 1658530 21875000
58842 70810 21850000
58841 71808 21825000
57846 72805 21800000
58842 71806 21775000
58842 71808 21750000
58842 1838084 21725000
59839 1850052 21700000
58842 1851085 21675000
60836 1853009 21650000
59873 1861021 21625000
59842 485702 21600000
58839 69814 21575000
57844 69813 21550000
57846 69812 21525000
59839 69812 21500000
58842 1128946 21475000
58842 1917870 21450000
58842 1897956 21425000
59842 1842037 21400000
59839 1848056 21375000
58843 1098063 21350000
57844 69849 21325000
57844 70810 21300000
58842 69779 21275000
57845 68814 21250000
57845 432842 21225000
59874 1929806 21200000
59838 1932866 21175000
57811 1911885 21150000
58843 1874984 21125000
57846 1702446 21100000
56846 68816 21075000
55850 68816 21050000
56847 68814 21025000
56848 68816 21000000
56848 69812 20975000
57845 1576782 20950000
57845 1898922 20925000
57844 1907897 20900000
56847 1910889 20875000
56847 1907898 20850000
56847 517615 20825000
56847 68817 20800000
56847 68815 20775000
55850 71807 20750000
56847 68816 20725000
56847 900592 20700000
56847 1895963 20675000
57846 1899916 20650000
58843 1900881 20625000
56848 1906900 20600000
56847 1222729 20575000
55850 68815 20550000
56882 69815 20525000
56846 69813 20500000
56846 73769 20475000
58842 244345 20450000
57846 1904905 20425000
56846 1886954 20400000
56847 1891939 20375000
56847 1896928 20350000
56881 1926811 20325000
55851 81781 20300000
54853 65824 20275000
54853 66820 20250000
53856 67818 20225000
54853 65824 20200000
55850 1399292 20175000
55816 1877978 20150000
55850 1885956 20125000
55850 1887951 20100000
55850 1899917 20075000
53856 771935 20050000
54887 67820 20025000
55850 66787 20000000
53855 65823 19975000
53855 65824 19950000
54853 748995 19925000
54853 1873988 19900000
54853 1881004 19875000
56849 1881965 19850000
56849 1898149 19825000
55850 1481073 19800000
55816 68852 19775000
53854 67816 19750000
54854 67783 19725000
54853 67818 19700000
55850 115690 19675000
55850 1868039 19650000
55816 1872991 19625000
55850 1878975 19600000
55850 1884959 19575000
56847 1886953 19550000
53855 297205 19525000
53855 67818 19500000
54853 66820 19475000
53856 66821 19450000
53855 66822 19425000
54853 1286559 19400000
54853 1867007 19375000
55849 1869001 19350000
54853 1870997 19325000
54852 1877014 19300000
52860 958400 19275000
52859 66821 19250000
53855 66821 19225000
53855 65823 19200000
53856 66821 19175000
53856 671203 19150000
54854 1858031 19125000
53855 1860025 19100000
54852 1861021 19075000
54853 1912918 19050000
54819 1609694 19025000
52894 62833 19000000
51860 63793 18975000
52858 64826 18950000
53856 63829 18925000
52858 65823 18900000
53855 1847060 18875000
54853 1851048 18850000
54854 1854040 18825000
53855 1859029 18800000
53855 1867005 18775000
51862 438826 18750000
51897 63829 18725000
51859 64791 18700000
51862 64826 18675000
51861 64826 18650000
51861 1248659 18625000
53856 1840077 18600000
52858 1847060 18575000
53855 1932833 18550000
56846 2077445 18525000
52858 1106042 18500000
50865 63827 18475000
51860 64825 18450000
59841 79786 18425000
50892 64798 18400000
51861 586431 18375000
52859 2110353 18350000
52859 2063481 18325000
53855 2097390 18300000
52857 1944798 18275000
61836 1833131 18250000
50856 62805 18225000
59840 79785 18200000
51861 66855 18175000
50828 74834 18150000
50829 67819 18125000
55850 1855072 18100000
93749 2095362 18075000
52858 2154238 18050000
52858 1986685 18025000
50866 2055527 18000000
50870 531544 17975000
49866 64826 17950000
57879 70777 17925000
50899 65789 17900000
51862 62831 17875000
65825 1102049 17850000
50865 2089411 17825000
74835 1978673 17800000
51860 2035555 17775000
55850 2053508 17750000
51861 1164913 17725000
56845 63836 17700000
51826 68850 17675000
48836 67818 17650000
72832 63827 17625000
64798 349066 17600000
50863 2051514 17575000
53855 2001646 17550000
50863 2126314 17525000
50863 2033564 17500000
54883 2009591 17475000
53858 59837 17450000
63829 60837 17425000
49866 59840 17400000
49866 61869 17375000
52823 61834 17350000
49866 1572795 17325000
48867 2007657 17300000
50868 2031535 17275000
49866 2009626 17250000
50895 2084392 17225000
53855 688193 17200000
64793 61834 17175000
48869 60837 17150000
48869 60837 17125000
51892 68786 17100000
48867 926521 17075000
64826 2054540 17050000
48869 2026545 17025000
52857 2022592 17000000
52892 2064444 16975000
49866 1411224 16950000
47906 60803 16925000
48903 59840 16900000
49866 59807 16875000
47876 62825 16850000
47872 178557 16825000
48835 2008629 16800000
58839 2067471 16775000
48868 2078441 16750000
48867 2032598 16725000
48835 2039545 16700000
56848 201465 16675000
47870 60834 16650000
47872 59840 16625000
46877 59862 16600000
53830 66820 16575000
52858 1424192 16550000
47871 1972724 16525000
48868 2015608 16500000
66822 2013613 16475000
46875 2073488 16450000
46843 971432 16425000
50864 59841 16400000
45876 63829 16375000
46873 58844 16350000
55850 75761 16325000
46874 769977 16300000
47836 2013615 16275000
55848 2030570 16250000
56847 2125314 16225000
45877 1994667 16200000
45876 1612684 16175000
53855 57845 16150000
46874 57847 16125000
45875 58877 16100000
47841 63824 16075000
44882 77817 16050000
54851 2022590 16025000
45853 2061483 16000000
49899 2122318 15975000
46847 2027576 15950000
49866 1965746 15925000
48866 436830 15900000
47900 58842 15875000
51867 57812 15850000
54852 57848 15825000
44905 57817 15800000
46874 1347429 15775000
45843 1966739 15750000
45877 2006633 15725000
45877 1992673 15700000
45876 2024583 15675000
44879 1069141 15650000
44879 57845 15625000
44879 57844 15600000
44881 69812 15575000
44881 57845 15550000
44880 720074 15525000
61834 2044531 15500000
48869 1919865 15475000
43883 2017603 15450000
45877 1959757 15425000
56876 1762259 15400000
44879 55850 15375000
48869 55849 15350000
43882 56849 15325000
43882 59839 15300000
43882 54852 15275000
51866 1909888 15250000
44878 1968734 15225000
43882 2012617 15200000
43882 1980704 15175000
44878 2001646 15150000
42884 486698 15125000
57848 53855 15100000
44912 54821 15075000
41889 56844 15050000
50863 54853 15025000
48869 1152952 15000000
43846 2082432 14975000
44877 2036553 14950000
43882 2023589 14925000
47900 2037519 14900000
42886 1148927 14875000
47871 53856 14850000
42885 55851 14825000
42884 54852 14800000
42885 54880 14775000
41890 447774 14750000
42918 2286848 14725000
45877 2082431 14700000
44881 2218065 14675000
43882 2091408 14650000
44877 1927849 14625000
40885 54854 14600000
41887 61833 14575000
41887 61835 14550000
41888 61833 14525000
42885 55850 14500000
52858 1797195 14475000
58840 2171193 14450000
44882 2164209 14425000
56848 2124319 14400000
45877 2022589 14375000
49866 595439 14350000
43886 53859 14325000
44874 53825 14300000
39890 53859 14275000
40889 53856 14250000
40889 913589 14225000
41855 1982698 14200000
40891 2074448 14175000
43912 2071433 14150000
41888 2017600 14125000
43882 1308534 14100000
38896 66822 14075000
55850 53820 14050000
39895 57843 14025000
39893 53855 14000000
40890 220413 13975000
40891 2072453 13950000
41892 2052506 13925000
41887 2020597 13900000
42883 2074454 13875000
39895 2082472 13850000
39918 92725 13825000
39891 60839 13800000
38894 52857 13775000
39895 52890 13750000
39861 52858 13725000
39890 1453114 13700000
38896 1976712 13675000
39894 1983696 13650000
39892 2023587 13625000
53857 2051510 13600000
38922 819816 13575000
44872 50838 13550000
38919 51861 13525000
55823 50864 13500000
37898 53857 13475000
39893 841748 13450000
41887 2160222 13425000
39895 2007657 13400000
40888 2026552 13375000
38895 2096394 13350000
39924 1544838 13325000
37896 55849 13300000
36901 49867 13275000
36901 56851 13250000
37897 50861 13225000
38895 94773 13200000
38898 1997628 13175000
38895 1950813 13150000
54850 2015581 13125000
38896 2076446 13100000
39893 2029572 13075000
36899 323137 13050000
37924 53829 13025000
37898 55878 13000000
37896 50837 12975000
36901 62832 12950000
38924 1350360 12925000
44881 1941810 12900000
37896 1997654 12875000
45879 2028577 12850000
38894 2080433 12825000
51861 1011296 12800000
34906 48869 12775000
36930 49863 12750000
37905 48869 12725000
41853 48870 12700000
35903 697136 12675000
36901 1983692 12650000
36902 1991673 12625000
37898 1962749 12600000
37898 1976713 12575000
37898 1871994 12550000
34906 46874 12525000
37898 46874 12500000
34906 47871 12475000
62833 52856 12450000
34906 46874 12425000
35904 2177177 12400000
38924 2049491 12375000
44877 1990678 12350000
36902 1940805 12325000
38933 1957728 12300000
34907 457775 12275000
34906 46874 12250000
36902 46873 12225000
34908 56845 12200000
34908 47898 12175000
39892 1272569 12150000
35904 1962750 12125000
34907 1951778 12100000
47876 2059488 12075000
36900 1969732 12050000
34908 1227715 12025000
34906 45877 12000000
50896 47839 11975000
43882 56847 11950000
35903 46873 11925000
33910 566487 11900000
34907 2075444 11875000
33910 2042564 11850000
36873 1987683 11825000
33936 1922831 11800000
34906 1760318 11775000
33908 44888 11750000
37862 47872 11725000
32912 50863 11700000
32912 44881 11675000
32911 44879 11650000
31913 1780238 11625000
31915 2005635 11600000
31915 2042538 11575000
31912 2010623 11550000
31948 1955734 11525000
40926 517608 11500000
31890 59836 11475000
59839 41887 11450000
30917 41888 11425000
30917 42884 11400000
31914 1098063 11375000
46873 2365673 11350000
30917 2050516 11325000
30917 2034562 11300000
30916 2011617 11275000
30917 1166880 11250000
29920 40890 11225000
29919 43884 11200000
29919 41887 11175000
29917 40920 11150000
30914 297177 11125000
29921 2023586 11100000
29919 2021594 11075000
29919 2035583 11050000
47842 2014646 11025000
30886 1929837 11000000
28922 39895 10975000
28946 45851 10950000
34942 40854 10925000
29920 39893 10900000
38895 40889 10875000
27925 1590747 10850000
28947 1952784 10825000
28889 2029570 10800000
33914 2027573 10775000
28922 2028574 10750000
29920 744010 10725000
27925 43882 10700000
27925 43882 10675000
28923 40891 10650000
27957 39886 10625000
27901 805843 10600000
27923 1950782 10575000
26927 1998657 10550000
26927 1979707 10525000
27923 2000648 10500000
28921 1446133 10475000
26926 38897 10450000
25930 38896 10425000
26926 38897 10400000
26928 41892 10375000
26923 137631 10350000
26927 1967739 10325000
30949 2020566 10300000
26925 1941806 10275000
26927 1945794 10250000
25930 1989684 10225000
32941 199465 10200000
27896 41886 10175000
26925 37898 10150000
34908 36928 10125000
26925 35911 10100000
25930 1417176 10075000
24933 1960783 10050000
38869 1996661 10025000
25931 1995659 10000000
24933 2078441 9975000
37898 926549 9950000
31890 36899 9925000
25928 35931 9900000
26927 35879 9875000
24931 37900 9850000
24931 732043 9825000
24931 1957764 9800000
24934 2000650 9775000
25929 1970728 9750000
24933 2002645 9725000
24935 1624650 9700000
22938 35905 9675000
23937 46872 9650000
23935 34906 9625000
23936 34905 9600000
23962 50838 9575000
23940 2095427 9550000
23934 1982664 9525000
30915 2026616 9500000
31914 2039509 9475000
22937 1978711 9450000
22937 383973 9425000
22935 35932 9400000
22910 41888 9375000
22938 35904 9350000
22965 36874 9325000
21941 1318501 9300000
21913 1946792 9275000
21941 2038549 9250000
22938 2012643 9225000
22942 2016580 9200000
24931 1054179 9175000
21941 32911 9150000
20944 33909 9125000
21941 34906 9100000
20943 33909 9075000
21941 697134 9050000
22939 1954772 9025000
31914 2110354 9000000
20943 2194166 8975000
39861 2194131 8950000
20943 1842101 8925000
20942 42887 8900000
21939 33916 8875000
22906 33910 8850000
20942 33909 8825000
20941 34941 8800000
21909 1878971 8775000
20943 1945833 8750000
20941 1933829 8725000
20942 1904906 8700000
20944 1997623 8675000
22972 477687 8650000
19946 30942 8625000
20947 31912 8600000
20942 46848 8575000
27926 30917 8550000
20944 1155907 8525000
19946 2092405 8500000
20942 2021593 8475000
28922 1985689 8450000
19946 1973721 8425000
19946 1161895 8400000
19943 38897 8375000
31914 30915 8350000
20972 31914 8325000
20950 30884 8300000
19980 385936 8275000
19944 1984692 8250000
20979 2045491 8225000
19948 2016605 8200000
18976 2018574 8175000
19977 1753279 8150000
19950 28921 8125000
20966 39871 8100000
18944 30920 8075000
18946 33911 8050000
18949 30943 8025000
18923 1681500 8000000
17953 2004638 7975000
19946 1960755 7950000
17990 1992634 7925000
17951 1994666 7900000
17953 565512 7875000
17950 29920 7850000
17981 29922 7825000
27867 40889 7800000
17953 31916 7775000
17951 974392 7750000
17952 2014610 7725000
15957 2073483 7700000
17951 1960755 7675000
17952 2032538 7650000
15957 1365345 7625000
18949 26927 7600000
16955 27925 7575000
16954 27925 7550000
16954 28922 7525000
21968 185510 7500000
15957 1980668 7475000
15957 1995662 7450000
14960 2010646 7425000
15957 1995635 7400000
14960 1971726 7375000
15957 74800 7350000
14960 25929 7325000
16955 25934 7300000
14958 25931 7275000
15953 24935 7250000
15986 1451091 7225000
22935 2002646 7200000
14961 1977736 7175000
16955 1994634 7150000
14961 2082430 7125000
19946 921534 7100000
16954 25959 7075000
15963 26920 7050000
14958 25938 7025000
14959 26927 7000000
13964 725025 6975000
14960 1939810 6950000
13964 1984693 6925000
13961 1989676 6900000
13963 1966740 6875000
13962 1525919 6850000
13960 30919 6825000
25928 24933 6800000
12965 24933 6775000
12965 24933 6750000
13962 65824 6725000
13962 2014640 6700000
12963 1964719 6675000
12965 1968733 6650000
12965 2077445 6625000
12968 1947785 6600000
12965 298229 6575000
12966 25936 6550000
22906 24931 6525000
13962 27925 6500000
13962 25930 6475000
11967 1351387 6450000
12965 1929837 6425000
12965 1968768 6400000
12931 2013616 6375000
11968 2052509 6350000
11968 994367 6325000
13939 23934 6300000
12965 24933 6275000
11994 25935 6250000
11937 25930 6225000
12966 746000 6200000
11968 1926847 6175000
21941 1979705 6150000
15957 1969729 6125000
11967 1928844 6100000
12963 1679507 6075000
11969 22938 6050000
11967 21941 6025000
11968 21940 6000000
11968 22938 5975000
11967 22939 5950000
11968 1953801 5925000
11966 1882937 5900000
21941 2081431 5875000
11969 1994700 5850000
28923 2014608 5825000
11935 469744 5800000
18982 24900 5775000
11970 21940 5750000
11964 22964 5725000
11969 22939 5700000
11969 1285532 5675000
10970 2029571 5650000
11967 1946797 5625000
10970 2117332 5600000
12001 1918835 5575000
11967 1113023 5550000
11968 22939 5525000
11968 21941 5500000
11967 23935 5475000
10972 22938 5450000
10970 482708 5425000
10969 2025587 5400000
10969 2021591 5375000
11966 1989677 5350000
10970 1939811 5325000
10970 1803178 5300000
10970 22938 5275000
12965 22938 5250000
10970 22938 5225000
10970 22938 5200000
10970 22938 5175000
10970 1770267 5150000
10968 2034559 5125000
11000 2013582 5100000
10970 1991673 5075000
10998 1914851 5050000
10970 511659 5025000
10973 31909 5000000
10970 22946 4975000
10971 23935 4950000
10970 22939 4925000
10970 1047165 4900000
9973 1960758 4875000
10972 2121323 4850000
10969 2009626 4825000
10970 2044532 4800000
10969 1175853 4775000
9973 32913 4750000
10969 24935 4725000
22971 25895 4700000
9973 23962 4675000
10970 261276 4650000
9970 2007632 4625000
10970 1992670 4600000
9973 2068466 4575000
10970 2043537 4550000
9975 2003637 4525000
9973 30946 4500000
9945 20942 4475000
11000 20943 4450000
9972 21915 4425000
9974 20943 4400000
9996 1515952 4375000
9975 2034524 4350000
9973 2114344 4325000
10007 2282863 4300000
9970 2225049 4275000
11000 836732 4250000
9972 20944 4225000
9973 20943 4200000
9973 20944 4175000
10996 20943 4150000
9974 787867 4125000
9973 2194131 4100000
10000 2052512 4075000
10976 1945760 4050000
15957 2308826 4025000
9973 1715411 4000000
15956 19946 3975000
9973 20943 3950000
8976 20944 3925000
9973 34906 3900000
9973 107712 3875000
8976 2156267 3850000
9972 1962717 3825000
9972 2014646 3800000
9940 1999651 3775000
8976 2012618 3750000
8976 189491 3725000
8976 20944 3700000
9973 20944 3675000
8975 20944 3650000
8976 21941 3625000
8975 1400282 3600000
8975 1958734 3575000
8976 2000683 3550000
8941 1949786 3525000
8974 1952776 3500000
8978 935497 3475000
8975 22938 3450000
8974 22939 3425000
8976 21941 3400000
9972 21941 3375000
8978 758996 3350000
7977 1918841 3325000
11968 1935822 3300000
8976 2000651 3275000
7979 2045526 3250000
7978 1682500 3225000
7978 17952 3200000
8976 17951 3175000
7978 18949 3150000
7978 18950 3125000
15957 29920 3100000
7979 1954804 3075000
7977 1979670 3050000
7978 2039553 3025000
7970 2103375 3000000
8977 2030597 2975000
7947 387963 2950000
7978 18948 2925000
7978 19949 2900000
8976 18950 2875000
8973 19973 2850000
7986 1475047 2825000
7981 2021590 2800000
7980 2109363 2775000
7978 2221534 2750000
8988 2035577 2725000
7978 1029247 2700000
6984 18946 2675000
7978 18950 2650000
7978 17953 2625000
7979 21906 2600000
9009 632275 2575000
7978 2128307 2550000
7978 1921858 2525000
9973 1870996 2500000
7978 1872028 2475000
7978 1675518 2450000
6982 18912 2425000
6981 18983 2400000
6981 19912 2375000
6981 18983 2350000
7978 18915 2325000
6982 1817172 2300000
5986 1892934 2275000
6982 1832066 2250000
5984 1825118 2225000
6981 1840114 2200000
6978 453786 2175000
6981 17951 2150000
6981 17952 2125000
6980 18951 2100000
5983 18953 2075000
5978 1061161 2050000
6984 1907894 2025000
5985 1889911 2000000
5984 1853078 1975000
5983 1856998 1950000
5984 1067145 1925000
5984 15957 1900000
5983 15957 1875000
5983 16954 1850000
5983 15957 1825000
5984 344081 1800000
6981 1899918 1775000
6981 1896926 1750000
6981 1883994 1725000
6982 1890906 1700000
5983 1680540 1675000
6982 14959 1650000
6983 15957 1625000
5983 16952 1600000
5991 15949 1575000
5985 16953 1550000
5984 1515946 1525000
5985 1883959 1500000
5983 1886919 1475000
5983 1886987 1450000
5984 1895894 1425000
4986 523600 1400000
5984 16954 1375000
4987 16954 1350000
5984 15957 1325000
5983 15957 1300000
5984 832805 1275000
5984 1869999 1250000
4986 1872958 1225000
4986 1875018 1200000
5984 1902876 1175000
5982 1264652 1150000
5984 15956 1125000
4986 16921 1100000
6018 16955 1075000
4987 16952 1050000
4987 163529 1025000
5012 1865019 1000000
4985 1867970 975000
4986 1881965 950000
5984 1866010 925000
5984 1869997 900000
4986 77791 875000
4986 16954 850000
3989 16954 825000
4986 16954 800000
4986 16954 775000
4986 1356372 750000
4986 1850053 725000
4985 1859029 700000
4986 1863016 675000
4986 1903908 650000
4986 790918 625000
3990 16955 600000
4987 16954 575000
3989 16953 550000
4986 16955 525000
4986 692151 500000
4984 1861015 475000
4959 1861059 450000
3986 1858031 425000
4986 1875948 400000
3989 1473060 375000
3989 14960 350000
4986 13962 325000
3989 14959 300000
4986 14959 275000
4986 52858 250000
3989 1845098 225000
3990 1852011 200000
3989 1851050 175000
3989 1863051 150000
3987 1864979 125000
3989 294211 100000
3989 13962 75000
3989 455782 50000
3989 1880968 25000
3989 619343 0
