321107 13785166 29900000
319112 15021823 29800000
315157 14391544 29700000
319153 14421423 29600000
316119 14373592 29500000
317154 15000844 29400000
309172 14390513 29300000
316188 14424708 29200000
313197 14387485 29100000
309171 14833329 29000000
315156 14575062 28900000
307212 14490211 28800000
303187 14379542 28700000
305184 14428411 28600000
301194 16002201 28500000
341123 15540435 28400000
314125 15501580 28300000
329086 16036144 28200000
332077 14215979 28100000
332145 1118974 28000000
300195 6072792 27900000
335074 5442474 27800000
303154 762960 27700000
331112 8434499 27600000
305160 2144232 27500000
310195 3995289 27400000
317150 6888577 27300000
302190 379982 27200000
308178 7256626 27100000
299165 3511606 27000000
314160 2483363 26900000
303186 8287831 26800000
291222 347073 26700000
302194 5762585 26600000
313188 5005584 26500000
286233 1067145 26400000
306182 8099337 26300000
294213 1880969 26200000
289227 4365327 26100000
293214 6538510 26000000
286234 346101 25900000
311167 7616602 25800000
305185 3262274 25700000
309171 2934180 25600000
295182 7987637 25500000
288230 373002 25400000
308209 6259226 25300000
288231 4691449 25200000
296235 1657540 25100000
307179 8069418 25000000
276293 1474023 24900000
283243 4805147 24800000
283277 5970999 24700000
283239 325131 24600000
291220 8200102 24500000
295176 2776574 24400000
301227 3425836 24300000
284235 7435120 24200000
281200 339094 24100000
268281 6579408 24000000
279248 4105024 23900000
280249 1831129 23800000
295185 8423467 23700000
262298 1020271 23600000
274301 5222026 23500000
285211 5661856 23400000
265289 422896 23300000
275236 8136239 23200000
261305 2458421 23100000
277256 3618328 23000000
264322 7181791 22900000
259274 303214 22800000
267285 6974321 22700000
265289 3879650 22600000
268254 2318798 22500000
256318 8262898 22400000
287231 624330 22300000
260302 5478350 22200000
243347 5358702 22100000
274233 932506 22000000
260303 8008583 21900000
259333 2083402 21800000
249333 4139923 21700000
252326 6545493 21600000
248335 315156 21500000
259306 7474010 21400000
264295 3447779 21300000
256311 2706789 21200000
235341 8084381 21100000
272270 281246 21000000
242356 5848354 20900000
247339 4908870 20800000
239360 1208770 20700000
234369 8244950 20600000
237392 1600722 20500000
252292 4366322 20400000
232378 6277213 20300000
253322 290224 20200000
230411 7762238 20100000
233382 3083746 20000000
230355 2945122 19900000
236368 7619621 19800000
232412 307144 19700000
234374 6188447 19600000
248370 4474998 19500000
239360 1631633 19400000
234373 8133273 19300000
216395 1241678 19200000
237365 4851025 19100000
214428 5854340 19000000
238391 293214 18900000
218417 8030495 18800000
211467 2621956 18700000
220434 3687111 18600000
214426 7508919 18500000
210434 273272 18400000
214427 6861644 18300000
229386 4014263 18200000
212431 2002644 18100000
218419 8221009 18000000
212459 762931 17900000
203456 5268908 17800000
203456 5395572 17700000
216417 561524 17600000
222406 8300800 17500000
211440 2108327 17400000
217416 3776900 17300000
220443 6930466 17200000
199431 275269 17100000
210431 7068097 17000000
193481 3633317 16900000
213396 2387613 16800000
193482 8213035 16700000
191487 401927 16600000
196504 5666839 16500000
199439 5133304 16400000
186467 978385 16300000
229383 8080389 16200000
197472 1886951 16100000
190517 4166833 16000000
193512 6528506 15900000
188495 243348 15800000
201463 7485977 15700000
210471 3309114 15600000
200463 2851373 15500000
220439 7898845 15400000
227391 246374 15300000
246307 6281200 15200000
178522 4773234 15100000
173562 1434493 15000000
177524 8311774 14900000
188491 1349421 14800000
194450 4765254 14700000
176564 6040808 14600000
164560 217416 14500000
190491 7854991 14400000
230383 2649947 14300000
161570 2898249 14200000
162602 6944402 14100000
157581 210436 14000000
161604 5896196 13900000
162565 3951079 13800000
157579 1542871 13700000
157580 7560778 13600000
152627 929478 13500000
156581 4532911 13400000
155622 5272861 13300000
148604 242353 13200000
153590 7516897 13100000
148601 2267936 13000000
146609 3232387 12900000
148570 6572457 12800000
142620 189493 12700000
146608 6222395 12600000
140660 3569419 12500000
139629 1989678 12400000
142621 7461045 12300000
135635 570474 12200000
140624 4976688 12100000
138669 4810129 12000000
133645 653253 11900000
132648 7501934 11800000
128655 1815145 11700000
126661 3688136 11600000
128690 6098654 11500000
121677 171541 11400000
120715 6677140 11300000
119646 3088740 11200000
115693 2254968 11100000
115690 7497946 11000000
112699 156580 10900000
111702 5311828 10800000
108711 4486999 10700000
108709 900591 10600000
105718 7550840 10500000
101729 1470069 10400000
103722 3908545 10300000
101727 5843407 10200000
100696 148602 10100000
98736 6958424 10000000
94747 2812478 9900000
93749 2604035 9800000
93750 7141933 9700000
93790 137627 9600000
89761 5597064 9500000
89725 4120979 9400000
88761 1345401 9300000
89760 7448116 9200000
86807 1107999 9100000
83778 4347405 9000000
81783 5378613 8900000
80783 130651 8800000
80786 7348346 8700000
78792 2363712 8600000
78754 3083790 8500000
76757 6675147 8400000
79787 126661 8300000
74801 6343035 8200000
88763 3862694 8100000
73770 1686490 8000000
71808 7990627 7900000
79787 648299 7800000
79752 4952757 7700000
74822 5505276 7600000
67791 329147 7500000
63803 8019550 7400000
61839 2156263 7300000
68782 3524572 7200000
60865 6897526 7100000
58840 100730 7000000
57844 6915505 6900000
55850 3619319 6800000
56848 2115344 6700000
64827 8054484 6600000
52831 370010 6500000
53856 5342709 6400000
51866 4961724 6300000
53889 761963 6200000
50828 8050529 6100000
58781 1797193 6000000
48869 3932510 5900000
48840 6404870 5800000
50864 90784 5700000
47846 7237641 5600000
47872 3189490 5500000
45879 2657889 5400000
45878 7738337 5300000
54852 99733 5200000
48837 5741643 5100000
44879 4553857 5000000
44843 1076156 4900000
43848 8220017 4800000
42917 1280542 4700000
45876 4422176 4600000
41883 6244300 4500000
41888 133642 4400000
40891 7523877 4300000
40890 2732691 4200000
39926 3008920 4100000
38897 7609647 4000000
37897 100730 3900000
37898 6108662 3800000
37932 4305449 3700000
37899 1456105 3600000
35934 7933786 3500000
36867 1045203 3400000
36904 4716383 3300000
34907 5593075 3200000
33875 99789 3100000
32852 7827065 3000000
32913 2351709 2900000
32913 3341097 2800000
35871 7224675 2700000
34907 81781 2600000
30919 6613309 2500000
29949 3778865 2400000
30917 1967737 2300000
29918 7919819 2200000
27925 523601 2100000
38927 5102320 2000000
25930 5254945 1900000
24934 420873 1800000
30922 8102326 1700000
23936 1843068 1600000
23937 3740993 1500000
36935 6752906 1400000
22938 72805 1300000
22938 7029237 1200000
22901 3372014 1100000
21908 2190142 1000000
20944 7872943 900000
20942 133643 800000
19945 5421500 700000
19947 4852022 600000
18949 805871 500000
17925 8090361 400000
17953 1581769 300000
17952 3985368 200000
15928 6347026 100000
15957 3164536 0
