0 1000
0 2000
0 3000
0 4000
0 5000
0 6000
0 7000
0 8000
0 9000
0 10000
0 11000
0 12000
0 13000
0 14000
0.966 15000
0 16000
0 17000
0 18000
0 19000
0.997 20000
0 21000
0 22000
0 23000
0 24000
0 25000
0 26000
0 27000
0 28000
0 29000
0 30000
0 31000
0.997 32000
0.997 33000
0 34000
0 35000
0 36000
0.997 37000
0.997 38000
0 39000
0 40000
0 41000
0 42000
0 43000
0 44000
0.997 45000
0.997 46000
0.997 47000
0 48000
0 49000
0 50000
0 51000
0 52000
0 53000
0 54000
0 55000
0 56000
0 57000
0 58000
0 59000
0 60000
0 61000
0 62000
0 63000
0 64000
0 65000
0 66000
0 67000
0 68000
0 69000
0 70000
0 71000
0 72000
0 73000
0.997 74000
0.997 75000
0.997 76000
0.997 77000
0 78000
0.999 79000
0.999 80000
0.997 81000
0.999 82000
0.999 83000
0.997 84000
0 85000
0.999 86000
0.999 87000
0.997 88000
0.999 89000
0.999 90000
0.997 91000
0 92000
0.999 93000
0.999 94000
0 95000
0.999 96000
0.999 97000
0 98000
0.999 99000
0.999 100000
0 101000
0.999 102000
0.997 103000
0.997 104000
0.999 105000
0.999 106000
0 107000
0.997 108000
0.999 109000
0.999 110000
0.997 111000
0.999 112000
0.997 113000
0.999 114000
0.999 115000
0.997 116000
0.999 117000
0.999 118000
0.997 119000
0.999 120000
0.999 121000
0.997 122000
0.997 123000
0.999 124000
0.997 125000
0.999 126000
0.938 127000
0.997 128000
0.999 129000
0.999 130000
0.997 131000
0.999 132000
0.997 133000
0.999 134000
0.999 135000
0.997 136000
0.999 137000
0.997 138000
0.999 139000
0.997 140000
0.997 141000
0.999 142000
0.997 143000
0.999 144000
0.999 145000
0.997 146000
0.999 147000
0.997 148000
0.997 149000
0.999 150000
0.997 151000
0.999 152000
0.997 153000
0.999 154000
0.999 155000
1.057 156000
1.055 157000
1 158000
0.996 159000
0.995 160000
0.999 161000
1.996 162000
1.991 163000
1.994 164000
1.996 165000
0.995 166000
0.994 167000
0.998 168000
0.996 169000
1.056 170000
1.023 171000
1.027 172000
1.993 173000
2.054 174000
1.992 175000
0.995 176000
0.999 177000
1 178000
0.997 179000
1.054 180000
1.056 181000
1.057 182000
1.009 183000
0.994 184000
1.994 185000
1.994 186000
1.996 187000
1.992 188000
0.995 189000
1.054 190000
2.051 191000
1.996 192000
1.996 193000
0.996 194000
0.994 195000
2.051 196000
1.994 197000
1.996 198000
0.997 199000
2.054 200000
1.995 201000
1.991 202000
0.999 203000
1.993 204000
1.997 205000
0.995 206000
1.055 207000
1.991 208000
1.995 209000
0.982 210000
1.997 211000
1.994 212000
1.996 213000
1.995 214000
1.996 215000
1.994 216000
1.996 217000
1.994 218000
1.996 219000
1.994 220000
1.996 221000
1.994 222000
1.995 223000
1.994 224000
1.996 225000
1.994 226000
1.996 227000
0.997 228000
1.996 229000
0.997 230000
1.996 231000
1.994 232000
1.996 233000
0.997 234000
1.996 235000
1.994 236000
1.996 237000
1.996 238000
1.996 239000
1.996 240000
0.997 241000
1.995 242000
1.994 243000
1.996 244000
1.995 245000
1.996 246000
1.996 247000
1.994 248000
1.997 249000
1.995 250000
1.996 251000
1.996 252000
1.995 253000
1.996 254000
1.994 255000
1.996 256000
1.996 257000
1.995 258000
1.995 259000
1.994 260000
1.996 261000
1.995 262000
1.996 263000
1.996 264000
1.994 265000
1.996 266000
1.994 267000
1.996 268000
1.996 269000
1.995 270000
1.996 271000
1.995 272000
1.996 273000
1.996 274000
1.995 275000
1.996 276000
1.994 277000
1.996 278000
1.996 279000
1.995 280000
1.995 281000
1.995 282000
2.994 283000
1.996 284000
1.994 285000
1.995 286000
1.996 287000
1.995 288000
2.993 289000
2.991 290000
2.992 291000
2.993 292000
1.996 293000
1.995 294000
2.993 295000
2.994 296000
1.994 297000
2.993 298000
1.996 299000
1.994 300000
2.992 301000
1.996 302000
1.996 303000
2.992 304000
2.993 305000
3.053 306000
2.992 307000
2.992 308000
1.994 309000
1.994 310000
3.042 311000
2.992 312000
2.991 313000
1.994 314000
1.995 315000
3.053 316000
2.989 317000
2.991 318000
1.994 319000
2.992 320000
2.991 321000
1.996 322000
2.052 323000
2.986 324000
1.994 325000
2.051 326000
2.992 327000
2.992 328000
2.052 329000
2.991 330000
1.994 331000
3.049 332000
2.992 333000
1.995 334000
3.049 335000
2.991 336000
1.994 337000
2.99 338000
2.992 339000
2.992 340000
2.992 341000
2.996 342000
3.049 343000
2.992 344000
2.017 345000
2.986 346000
1.993 347000
2.992 348000
2.991 349000
2.993 350000
2.991 351000
2.991 352000
2.991 353000
2.991 354000
2.994 355000
2.989 356000
2.99 357000
2.991 358000
3.05 359000
2.99 360000
3.048 361000
2.992 362000
3.016 363000
2.992 364000
2.991 365000
2.992 366000
2.991 367000
3.017 368000
3.989 369000
2.996 370000
3.049 371000
2.993 372000
2.991 373000
3.049 374000
2.992 375000
3.012 376000
3.05 377000
3.988 378000
2.991 379000
3.049 380000
2.992 381000
3.988 382000
2.991 383000
3.049 384000
2.991 385000
3.989 386000
2.992 387000
3.049 388000
2.991 389000
3.989 390000
2.991 391000
2.992 392000
3.049 393000
2.992 394000
3.988 395000
2.993 396000
3.93 397000
3.026 398000
2.992 399000
2.992 400000
2.991 401000
3.992 402000
3.986 403000
2.991 404000
2.988 405000
3.018 406000
3.035 407000
3.049 408000
2.991 409000
3.049 410000
3.049 411000
2.992 412000
2.989 413000
2.991 414000
2.988 415000
2.99 416000
2.991 417000
2.992 418000
2.988 419000
2.991 420000
3.012 421000
2.991 422000
3.049 423000
3.049 424000
4 425000
3.992 426000
3.986 427000
3.992 428000
3.985 429000
2.995 430000
3.05 431000
3.052 432000
4.043 433000
3.989 434000
3.993 435000
2.992 436000
4.049 437000
3.985 438000
3.992 439000
2.994 440000
4.046 441000
3.989 442000
3.989 443000
4.046 444000
3.992 445000
3.986 446000
3.988 447000
3.989 448000
3.991 449000
3.99 450000
3.988 451000
2.991 452000
4.035 453000
3.988 454000
4.046 455000
3.993 456000
2.989 457000
3.988 458000
3.989 459000
4.047 460000
4.986 461000
3.989 462000
3.993 463000
3.986 464000
3.931 465000
4.05 466000
3.988 467000
2.993 468000
3.988 469000
3.993 470000
3.986 471000
3.989 472000
3.989 473000
4.046 474000
3.988 475000
3.991 476000
3.993 477000
3.985 478000
4.031 479000
3.99 480000
3.988 481000
4.046 482000
3.989 483000
3.992 484000
4.046 485000
3.989 486000
3.991 487000
3.989 488000
3.989 489000
3.989 490000
3.99 491000
3.989 492000
4.986 493000
3.989 494000
3.989 495000
3.991 496000
3.991 497000
3.991 498000
3.991 499000
3.991 500000
3.991 501000
3.991 502000
3.991 503000
3.991 504000
3.991 505000
3.991 506000
3.991 507000
3.989 508000
3.991 509000
3.991 510000
3.989 511000
3.991 512000
3.991 513000
3.991 514000
3.994 515000
3.991 516000
3.991 517000
3.991 518000
3.991 519000
4.988 520000
3.991 521000
3.991 522000
3.991 523000
3.989 524000
3.991 525000
3.991 526000
3.989 527000
3.991 528000
3.991 529000
3.991 530000
3.991 531000
3.991 532000
3.99 533000
3.989 534000
3.991 535000
3.989 536000
3.989 537000
4.988 538000
3.989 539000
3.989 540000
4.985 541000
4.986 542000
4.986 543000
4.986 544000
4.986 545000
4.986 546000
3.989 547000
3.989 548000
3.989 549000
3.989 550000
3.989 551000
4.988 552000
4.988 553000
4.988 554000
4.988 555000
4.986 556000
4.986 557000
4.986 558000
3.989 559000
3.989 560000
4.987 561000
4.986 562000
3.989 563000
3.989 564000
4.986 565000
4.988 566000
4.988 567000
4.988 568000
4.986 569000
3.989 570000
4.987 571000
4.986 572000
4.986 573000
3.989 574000
4.988 575000
4.988 576000
4.988 577000
4.988 578000
4.987 579000
4.987 580000
4.986 581000
3.989 582000
4.986 583000
4.988 584000
4.988 585000
4.988 586000
3.99 587000
4.986 588000
4.986 589000
3.989 590000
4.988 591000
4.988 592000
4.988 593000
4.988 594000
3.989 595000
4.987 596000
4.986 597000
4.986 598000
4.988 599000
4.988 600000
4.988 601000
4.986 602000
4.986 603000
4.986 604000
4.988 605000
4.988 606000
4.988 607000
4.986 608000
4.986 609000
4.987 610000
4.988 611000
4.988 612000
5.985 613000
4.986 614000
4.986 615000
4.986 616000
4.988 617000
4.988 618000
4.986 619000
5.984 620000
4.988 621000
4.988 622000
4.988 623000
4.988 624000
4.986 625000
4.986 626000
4.986 627000
4.988 628000
4.988 629000
4.986 630000
4.987 631000
4.986 632000
4.987 633000
4.988 634000
4.988 635000
4.989 636000
4.986 637000
4.986 638000
4.989 639000
4.988 640000
4.988 641000
4.987 642000
4.987 643000
4.988 644000
4.988 645000
4.986 646000
4.987 647000
4.986 648000
4.989 649000
4.988 650000
4.986 651000
4.986 652000
4.988 653000
4.986 654000
4.988 655000
4.987 656000
4.986 657000
4.988 658000
4.988 659000
4.986 660000
5.984 661000
5.985 662000
5.984 663000
5.984 664000
4.988 665000
4.988 666000
5.983 667000
6.018 668000
6.01 669000
5.985 670000
4.987 671000
4.987 672000
6.042 673000
5.982 674000
5.983 675000
4.989 676000
6.041 677000
5.984 678000
5.983 679000
4.987 680000
6.02 681000
5.985 682000
4.987 683000
6.041 684000
5.984 685000
4.986 686000
5.045 687000
5.987 688000
6.976 689000
5.985 690000
4.987 691000
5.044 692000
5.982 693000
5.983 694000
4.987 695000
6.042 696000
5.983 697000
4.985 698000
6.041 699000
5.983 700000
4.986 701000
5.983 702000
5.983 703000
5.045 704000
5.984 705000
4.987 706000
6.041 707000
5.984 708000
5.983 709000
5.984 710000
4.987 711000
6.036 712000
5.983 713000
6.031 714000
4.987 715000
6.021 716000
5.983 717000
6.046 718000
5.978 719000
5.999 720000
6.007 721000
5.984 722000
4.986 723000
5.982 724000
5.983 725000
5.985 726000
5.985 727000
5.981 728000
6.041 729000
5.983 730000
5.984 731000
5.983 732000
5.982 733000
5.986 734000
5.982 735000
6.983 736000
5.982 737000
5.984 738000
6.981 739000
5.984 740000
5.982 741000
6.98 742000
5.985 743000
6.041 744000
5.983 745000
5.983 746000
6.019 747000
5.984 748000
5.984 749000
6.981 750000
6.981 751000
5.984 752000
6.041 753000
5.988 754000
6.975 755000
5.985 756000
5.979 757000
5.987 758000
6.042 759000
5.983 760000
5.983 761000
5.984 762000
5.984 763000
5.984 764000
6.041 765000
6.041 766000
5.985 767000
6.041 768000
6.041 769000
5.984 770000
6.04 771000
6.042 772000
7.039 773000
6.98 774000
6.98 775000
6.987 776000
6.974 777000
6.981 778000
5.983 779000
6.981 780000
6.981 781000
5.985 782000
5.984 783000
5.983 784000
7.018 785000
6.979 786000
6.98 787000
6.981 788000
7.978 789000
6.981 790000
7.006 791000
6.982 792000
5.986 793000
7.038 794000
6.981 795000
6.982 796000
5.984 797000
6.975 798000
6.982 799000
5.987 800000
7.041 801000
6.978 802000
5.98 803000
6.04 804000
6.989 805000
6.972 806000
5.953 807000
7.012 808000
6.98 809000
5.983 810000
7.039 811000
6.984 812000
5.984 813000
7.039 814000
6.98 815000
5.984 816000
7.039 817000
6.982 818000
5.983 819000
7.008 820000
6.981 821000
5.983 822000
6.983 823000
6.983 824000
6.983 825000
6.981 826000
6.983 827000
5.984 828000
6.983 829000
6.981 830000
6.983 831000
6.981 832000
6.984 833000
5.983 834000
6.983 835000
5.984 836000
6.983 837000
6.981 838000
6.983 839000
6.982 840000
6.983 841000
6.981 842000
6.983 843000
6.982 844000
6.981 845000
6.983 846000
5.984 847000
6.983 848000
6.981 849000
6.983 850000
6.983 851000
6.981 852000
6.983 853000
6.981 854000
6.983 855000
6.983 856000
6.981 857000
6.983 858000
6.981 859000
6.983 860000
6.981 861000
6.981 862000
7.978 863000
6.981 864000
6.981 865000
6.981 866000
6.981 867000
6.983 868000
6.981 869000
6.983 870000
6.981 871000
6.983 872000
6.981 873000
6.983 874000
6.981 875000
6.981 876000
6.981 877000
6.981 878000
6.981 879000
6.981 880000
6.981 881000
6.983 882000
6.981 883000
6.983 884000
6.981 885000
6.983 886000
6.981 887000
6.981 888000
6.981 889000
6.981 890000
6.983 891000
6.983 892000
6.981 893000
6.983 894000
6.981 895000
7.98 896000
6.983 897000
6.981 898000
7.98 899000
6.983 900000
6.981 901000
7.98 902000
6.983 903000
6.981 904000
7.982 905000
6.983 906000
6.981 907000
7.98 908000
6.983 909000
6.981 910000
7.98 911000
6.983 912000
6.983 913000
7.98 914000
6.983 915000
7.978 916000
7.978 917000
7.98 918000
7.98 919000
7.978 920000
7.98 921000
7.978 922000
7.978 923000
7.98 924000
7.98 925000
8.976 926000
7.978 927000
7.98 928000
7.98 929000
7.978 930000
7.98 931000
7.98 932000
7.98 933000
7.978 934000
7.98 935000
7.98 936000
7.98 937000
6.981 938000
7.978 939000
7.98 940000
7.98 941000
6.981 942000
7.98 943000
7.98 944000
7.98 945000
7.978 946000
7.98 947000
7.98 948000
7.98 949000
7.978 950000
7.978 951000
7.98 952000
7.98 953000
7.978 954000
7.978 955000
7.98 956000
7.98 957000
7.979 958000
7.978 959000
7.98 960000
7.979 961000
7.978 962000
7.979 963000
7.98 964000
7.98 965000
7.978 966000
7.978 967000
7.98 968000
7.98 969000
7.979 970000
7.978 971000
7.978 972000
7.98 973000
7.98 974000
7.979 975000
7.979 976000
7.98 977000
7.98 978000
7.978 979000
7.978 980000
7.978 981000
7.98 982000
7.98 983000
7.98 984000
7.978 985000
7.978 986000
7.98 987000
7.979 988000
7.981 989000
7.978 990000
7.978 991000
7.98 992000
7.98 993000
7.98 994000
7.978 995000
7.979 996000
7.98 997000
7.98 998000
7.98 999000
7.98 1000000
7.978 1001000
7.978 1002000
7.98 1003000
7.98 1004000
7.98 1005000
7.978 1006000
7.978 1007000
7.98 1008000
8.976 1009000
7.98 1010000
7.98 1011000
7.979 1012000
7.978 1013000
7.98 1014000
7.98 1015000
7.979 1016000
7.978 1017000
7.978 1018000
8.978 1019000
7.98 1020000
7.98 1021000
8.977 1022000
8.977 1023000
8.976 1024000
7.978 1025000
7.979 1026000
7.98 1027000
7.98 1028000
8.977 1029000
8.976 1030000
8.976 1031000
8.975 1032000
8.977 1033000
8.977 1034000
8.977 1035000
8.977 1036000
8.977 1037000
8.977 1038000
8.977 1039000
8.977 1040000
8.977 1041000
8.977 1042000
8.977 1043000
8.977 1044000
8.977 1045000
8.977 1046000
8.976 1047000
7.979 1048000
8.977 1049000
8.975 1050000
9.01 1051000
9.001 1052000
7.978 1053000
9.037 1054000
8.971 1055000
9.033 1056000
8.976 1057000
8.035 1058000
8.972 1059000
8.98 1060000
8.036 1061000
8.975 1062000
8.981 1063000
9.036 1064000
8.973 1065000
7.983 1066000
8.978 1067000
8.975 1068000
9.033 1069000
8.978 1070000
8.98 1071000
8.972 1072000
7.978 1073000
9.034 1074000
9.975 1075000
8.973 1076000
9.033 1077000
8.976 1078000
8.968 1079000
8.976 1080000
9.033 1081000
8.974 1082000
9.033 1083000
8.967 1084000
8.975 1085000
8.972 1086000
9.033 1087000
9.973 1088000
8.977 1089000
8.977 1090000
9.037 1091000
8.978 1092000
8.974 1093000
8.975 1094000
8.972 1095000
8.971 1096000
9.973 1097000
9.973 1098000
8.978 1099000
9.037 1100000
9.033 1101000
8.976 1102000
9.976 1103000
9.974 1104000
9.969 1105000
8.976 1106000
8.976 1107000
8.972 1108000
9.033 1109000
9.033 1110000
9.033 1111000
8.972 1112000
8.976 1113000
8.979 1114000
9.97 1115000
8.973 1116000
9.916 1117000
9.012 1118000
9.01 1119000
8.975 1120000
8.978 1121000
8.976 1122000
8.977 1123000
8.977 1124000
9.975 1125000
9.975 1126000
9.973 1127000
9.973 1128000
9.973 1129000
9.973 1130000
8.976 1131000
8.976 1132000
9.973 1133000
9.973 1134000
9.973 1135000
8.976 1136000
9.975 1137000
8.976 1138000
9.973 1139000
8.976 1140000
9.973 1141000
9.973 1142000
9.973 1143000
9.973 1144000
9.973 1145000
9.973 1146000
9.973 1147000
9.973 1148000
9.973 1149000
9.973 1150000
9.974 1151000
8.976 1152000
8.976 1153000
8.976 1154000
9.973 1155000
9.973 1156000
9.973 1157000
9.972 1158000
9.973 1159000
8.976 1160000
8.976 1161000
9.973 1162000
8.977 1163000
9.975 1164000
9.975 1165000
9.973 1166000
9.973 1167000
8.976 1168000
9.973 1169000
9.973 1170000
8.976 1171000
9.975 1172000
9.975 1173000
9.975 1174000
9.975 1175000
9.973 1176000
9.973 1177000
9.973 1178000
9.973 1179000
9.975 1180000
9.975 1181000
9.975 1182000
9.974 1183000
9.972 1184000
9.973 1185000
9.975 1186000
9.973 1187000
9.966 1188000
9.973 1189000
9.975 1190000
9.975 1191000
9.975 1192000
8.976 1193000
9.973 1194000
9.973 1195000
9.975 1196000
10.972 1197000
9.973 1198000
9.973 1199000
9.975 1200000
9.975 1201000
9.975 1202000
9.973 1203000
9.973 1204000
9.973 1205000
9.973 1206000
10.972 1207000
9.975 1208000
9.973 1209000
9.973 1210000
9.975 1211000
9.973 1212000
9.975 1213000
9.975 1214000
9.973 1215000
9.975 1216000
9.975 1217000
9.975 1218000
9.973 1219000
9.973 1220000
9.975 1221000
9.975 1222000
9.973 1223000
9.973 1224000
9.975 1225000
9.975 1226000
9.975 1227000
9.973 1228000
10.97 1229000
9.975 1230000
9.974 1231000
9.975 1232000
9.973 1233000
10.97 1234000
9.975 1235000
9.975 1236000
9.973 1237000
9.973 1238000
10.97 1239000
9.973 1240000
9.975 1241000
9.975 1242000
9.973 1243000
9.973 1244000
10.971 1245000
9.975 1246000
10.971 1247000
10.97 1248000
9.975 1249000
10.97 1250000
10.97 1251000
10.97 1252000
9.975 1253000
10.972 1254000
9.973 1255000
9.973 1256000
10.972 1257000
10.972 1258000
10.97 1259000
10.972 1260000
10.972 1261000
10.97 1262000
10.972 1263000
10.972 1264000
10.971 1265000
10.973 1266000
10.972 1267000
10.97 1268000
10.972 1269000
10.972 1270000
10.971 1271000
10.974 1272000
10.973 1273000
10.97 1274000
10.972 1275000
10.972 1276000
10.972 1277000
10.972 1278000
10.971 1279000
10.972 1280000
10.972 1281000
10.971 1282000
10.972 1283000
10.97 1284000
10.972 1285000
10.97 1286000
9.973 1287000
10.972 1288000
10.972 1289000
10.97 1290000
10.972 1291000
10.972 1292000
10.972 1293000
11.035 1294000
9.974 1295000
10.971 1296000
10.969 1297000
10.97 1298000
10.97 1299000
10.97 1300000
10.973 1301000
11.025 1302000
11.005 1303000
10.97 1304000
9.973 1305000
10.972 1306000
10.972 1307000
11.968 1308000
10.972 1309000
10.97 1310000
10.97 1311000
10.972 1312000
10.97 1313000
10.97 1314000
10.97 1315000
10.97 1316000
10.97 1317000
10.972 1318000
10.97 1319000
10.972 1320000
10.972 1321000
9.973 1322000
10.972 1323000
10.972 1324000
9.973 1325000
10.97 1326000
10.972 1327000
10.971 1328000
10.972 1329000
10.97 1330000
10.972 1331000
10.972 1332000
10.97 1333000
10.97 1334000
10.97 1335000
11.969 1336000
10.972 1337000
10.97 1338000
10.972 1339000
10.971 1340000
10.972 1341000
10.97 1342000
10.97 1343000
10.972 1344000
10.97 1345000
10.971 1346000
10.972 1347000
10.971 1348000
10.972 1349000
10.97 1350000
10.972 1351000
10.972 1352000
10.971 1353000
10.97 1354000
10.971 1355000
10.972 1356000
10.972 1357000
10.97 1358000
10.972 1359000
11.968 1360000
10.972 1361000
10.971 1362000
10.972 1363000
10.972 1364000
10.971 1365000
10.97 1366000
11.967 1367000
10.972 1368000
11.968 1369000
10.972 1370000
10.972 1371000
11.968 1372000
10.973 1373000
10.972 1374000
11.969 1375000
11.968 1376000
11.969 1377000
11.968 1378000
11.967 1379000
11.968 1380000
11.969 1381000
11.968 1382000
11.969 1383000
11.968 1384000
11.969 1385000
11.968 1386000
11.969 1387000
11.967 1388000
11.969 1389000
11.968 1390000
11.97 1391000
11.967 1392000
11.969 1393000
11.968 1394000
11.969 1395000
11.968 1396000
10.971 1397000
11.969 1398000
11.969 1399000
11.968 1400000
11.969 1401000
11.968 1402000
11.969 1403000
11.968 1404000
11.969 1405000
11.968 1406000
11.969 1407000
10.97 1408000
11.969 1409000
11.968 1410000
12.965 1411000
11.968 1412000
11.969 1413000
11.968 1414000
11.97 1415000
11.967 1416000
11.969 1417000
11.968 1418000
11.969 1419000
11.968 1420000
11.968 1421000
11.968 1422000
11.969 1423000
11.969 1424000
11.968 1425000
10.97 1426000
11.969 1427000
11.969 1428000
11.968 1429000
11.969 1430000
11.967 1431000
11.97 1432000
11.968 1433000
11.971 1434000
11.967 1435000
11.97 1436000
11.967 1437000
11.97 1438000
10.97 1439000
11.968 1440000
11.968 1441000
11.969 1442000
11.968 1443000
11.969 1444000
10.97 1445000
11.969 1446000
11.968 1447000
11.969 1448000
11.967 1449000
11.969 1450000
11.968 1451000
11.969 1452000
11.969 1453000
11.968 1454000
11.968 1455000
11.968 1456000
12.03 1457000
12.028 1458000
11.969 1459000
11.966 1460000
11.973 1461000
12.027 1462000
11.971 1463000
11.965 1464000
12.009 1465000
11.97 1466000
11.966 1467000
11.964 1468000
12.025 1469000
11.967 1470000
11.97 1471000
11.97 1472000
11.965 1473000
12.025 1474000
11.967 1475000
12.97 1476000
11.963 1477000
11.966 1478000
11.966 1479000
11.967 1480000
12.967 1481000
11.966 1482000
11.966 1483000
12.006 1484000
12.025 1485000
11.993 1486000
11.97 1487000
12.966 1488000
12.962 1489000
11.965 1490000
11.966 1491000
11.966 1492000
12.025 1493000
12.964 1494000
12.965 1495000
12.965 1496000
11.97 1497000
11.97 1498000
12.989 1499000
12.965 1500000
12.99 1501000
12.965 1502000
12.967 1503000
11.97 1504000
12.962 1505000
11.971 1506000
12.965 1507000
13.007 1508000
12.964 1509000
12.965 1510000
12.025 1511000
12.007 1512000
12.964 1513000
12.965 1514000
12.967 1515000
11.969 1516000
11.971 1517000
11.967 1518000
11.965 1519000
12.025 1520000
12.961 1521000
12.965 1522000
12.965 1523000
12.966 1524000
11.968 1525000
12.027 1526000
12.978 1527000
12.965 1528000
12.967 1529000
11.97 1530000
13.022 1531000
12.967 1532000
12.905 1533000
13.022 1534000
12.967 1535000
12.965 1536000
12.965 1537000
12.967 1538000
12.962 1539000
12.968 1540000
12.981 1541000
12.962 1542000
12.965 1543000
12.966 1544000
12.965 1545000
13.024 1546000
12.965 1547000
12.966 1548000
12.965 1549000
12.966 1550000
12.984 1551000
12.961 1552000
12.965 1553000
12.966 1554000
13.008 1555000
12.963 1556000
12.968 1557000
12.963 1558000
12.962 1559000
12.965 1560000
11.966 1561000
12.962 1562000
12.965 1563000
12.966 1564000
13.024 1565000
12.965 1566000
12.965 1567000
12.964 1568000
13.003 1569000
12.965 1570000
13.903 1571000
12.995 1572000
13.939 1573000
12.966 1574000
13.963 1575000
13.961 1576000
12.965 1577000
12.999 1578000
13.929 1579000
12.965 1580000
12.966 1581000
12.965 1582000
12.959 1583000
12.965 1584000
12.969 1585000
12.959 1586000
12.963 1587000
12.992 1588000
12.964 1589000
12.967 1590000
13.022 1591000
12.965 1592000
12.966 1593000
12.962 1594000
13.025 1595000
12.966 1596000
13.96 1597000
12.962 1598000
12.965 1599000
12.966 1600000
12.967 1601000
12.965 1602000
12.967 1603000
12.965 1604000
12.965 1605000
13.963 1606000
13.964 1607000
12.966 1608000
12.967 1609000
13.964 1610000
12.967 1611000
13.964 1612000
13.962 1613000
13.962 1614000
13.962 1615000
13.964 1616000
12.967 1617000
13.964 1618000
13.965 1619000
13.965 1620000
13.964 1621000
13.964 1622000
13.964 1623000
13.964 1624000
13.964 1625000
13.964 1626000
12.967 1627000
13.964 1628000
12.967 1629000
12.968 1630000
12.964 1631000
12.965 1632000
12.967 1633000
13.964 1634000
12.967 1635000
13.964 1636000
13.964 1637000
12.967 1638000
12.967 1639000
13.964 1640000
12.966 1641000
13.962 1642000
13.962 1643000
13.962 1644000
13.964 1645000
13.964 1646000
13.964 1647000
13.964 1648000
13.964 1649000
13.964 1650000
13.965 1651000
13.964 1652000
13.964 1653000
14.96 1654000
12.965 1655000
13.965 1656000
13.964 1657000
13.964 1658000
13.964 1659000
13.964 1660000
13.964 1661000
13.964 1662000
13.964 1663000
13.964 1664000
13.964 1665000
13.964 1666000
13.964 1667000
13.962 1668000
13.964 1669000
13.964 1670000
13.964 1671000
13.964 1672000
13.964 1673000
13.964 1674000
13.964 1675000
13.964 1676000
14.022 1677000
13.962 1678000
13.963 1679000
13.962 1680000
13.964 1681000
13.962 1682000
13.964 1683000
13.99 1684000
12.965 1685000
13.961 1686000
13.905 1687000
13.997 1688000
13.962 1689000
13.962 1690000
13.961 1691000
13.962 1692000
13.962 1693000
13.961 1694000
14 1695000
13.962 1696000
13.965 1697000
13.994 1698000
13.961 1699000
13.987 1700000
14.96 1701000
14.961 1702000
14.959 1703000
14.959 1704000
13.962 1705000
13.963 1706000
13.962 1707000
14.008 1708000
14.021 1709000
13.997 1710000
13.994 1711000
15.016 1712000
14.96 1713000
14.963 1714000
13.962 1715000
13.934 1716000
13.994 1717000
13.963 1718000
14.959 1719000
13.962 1720000
15.017 1721000
13.962 1722000
14.956 1723000
14.959 1724000
13.966 1725000
13.962 1726000
14.994 1727000
14.961 1728000
14.958 1729000
14.988 1730000
13.903 1731000
13.962 1732000
14.986 1733000
15.932 1734000
15.96 1735000
14.96 1736000
14.959 1737000
14.96 1738000
13.963 1739000
14.928 1740000
14.959 1741000
14.96 1742000
14.994 1743000
13.926 1744000
15.957 1745000
14.992 1746000
14.926 1747000
14.993 1748000
13.997 1749000
13.962 1750000
13.965 1751000
13.928 1752000
14.96 1753000
14.96 1754000
14.993 1755000
14.925 1756000
15.016 1757000
14.902 1758000
14.96 1759000
14.963 1760000
14.958 1761000
14.959 1762000
14.961 1763000
14.959 1764000
14.958 1765000
14.959 1766000
14.961 1767000
13.962 1768000
14.96 1769000
13.963 1770000
14.925 1771000
14.996 1772000
14.925 1773000
14.96 1774000
15.957 1775000
14.959 1776000
14.959 1777000
14.96 1778000
15.955 1779000
14.96 1780000
14.961 1781000
15.018 1782000
14.937 1783000
14.959 1784000
14.959 1785000
14.925 1786000
14.959 1787000
14.959 1788000
13.962 1789000
14.96 1790000
14.959 1791000
15.957 1792000
15.958 1793000
14.959 1794000
14.959 1795000
14.96 1796000
14.96 1797000
14.959 1798000
14.96 1799000
15.957 1800000
15.957 1801000
15.958 1802000
15.957 1803000
14.962 1804000
14.959 1805000
14.96 1806000
14.959 1807000
14.959 1808000
15.957 1809000
15.956 1810000
15.957 1811000
14.959 1812000
14.959 1813000
14.96 1814000
14.959 1815000
15.02 1816000
15.015 1817000
15.019 1818000
14.962 1819000
14.956 1820000
15.016 1821000
14.957 1822000
14.962 1823000
14.965 1824000
15.018 1825000
15.957 1826000
15.957 1827000
14.958 1828000
15.017 1829000
14.958 1830000
15.957 1831000
14.96 1832000
15.019 1833000
14.956 1834000
14.994 1835000
14.957 1836000
14.982 1837000
14.961 1838000
14.961 1839000
14.985 1840000
14.996 1841000
15.957 1842000
15.957 1843000
15.931 1844000
15.017 1845000
16.014 1846000
15.904 1847000
15.992 1848000
15.925 1849000
15.988 1850000
14.961 1851000
14.991 1852000
15.956 1853000
15.925 1854000
15.992 1855000
15.957 1856000
15.957 1857000
14.955 1858000
14.956 1859000
15.99 1860000
15.957 1861000
15.957 1862000
14.961 1863000
15.956 1864000
15.986 1865000
14.962 1866000
14.96 1867000
14.96 1868000
14.962 1869000
14.962 1870000
14.962 1871000
15.957 1872000
15.957 1873000
15.957 1874000
15.957 1875000
16.016 1876000
15.957 1877000
15.957 1878000
14.957 1879000
15.959 1880000
15.957 1881000
15.959 1882000
15.959 1883000
14.96 1884000
15.959 1885000
15.959 1886000
15.957 1887000
15.959 1888000
15.959 1889000
14.96 1890000
14.96 1891000
15.959 1892000
15.958 1893000
15.957 1894000
15.957 1895000
15.957 1896000
15.957 1897000
15.957 1898000
15.959 1899000
15.959 1900000
15.957 1901000
15.959 1902000
15.959 1903000
15.957 1904000
15.959 1905000
15.959 1906000
15.957 1907000
15.959 1908000
15.959 1909000
15.957 1910000
15.959 1911000
15.957 1912000
15.959 1913000
15.959 1914000
15.957 1915000
16.956 1916000
15.957 1917000
15.957 1918000
15.959 1919000
15.957 1920000
15.959 1921000
15.957 1922000
15.959 1923000
15.959 1924000
15.957 1925000
15.959 1926000
15.959 1927000
15.957 1928000
15.959 1929000
15.959 1930000
15.957 1931000
15.959 1932000
15.959 1933000
15.957 1934000
15.959 1935000
14.96 1936000
15.958 1937000
15.957 1938000
15.959 1939000
15.957 1940000
15.959 1941000
15.957 1942000
15.959 1943000
15.959 1944000
15.957 1945000
15.959 1946000
16.955 1947000
15.959 1948000
15.957 1949000
16.956 1950000
15.957 1951000
16.954 1952000
16.956 1953000
15.957 1954000
15.959 1955000
16.956 1956000
16.954 1957000
15.959 1958000
15.957 1959000
15.959 1960000
15.958 1961000
16.954 1962000
16.954 1963000
16.956 1964000
16.954 1965000
15.959 1966000
16.956 1967000
16.956 1968000
16.954 1969000
15.959 1970000
16.955 1971000
16.954 1972000
16.954 1973000
15.957 1974000
16.956 1975000
16.954 1976000
15.959 1977000
15.957 1978000
15.959 1979000
15.959 1980000
15.957 1981000
15.96 1982000
15.957 1983000
15.957 1984000
15.957 1985000
15.957 1986000
15.959 1987000
16.954 1988000
16.956 1989000
16.955 1990000
16.957 1991000
16.954 1992000
16.956 1993000
16.954 1994000
16.956 1995000
16.954 1996000
16.956 1997000
16.954 1998000
16.956 1999000
16.954 2000000
16.956 2001000
16.954 2002000
16.956 2003000
16.955 2004000
16.956 2005000
16.955 2006000
16.956 2007000
15.957 2008000
16.956 2009000
15.957 2010000
16.956 2011000
16.954 2012000
16.955 2013000
16.954 2014000
16.956 2015000
16.954 2016000
16.956 2017000
16.954 2018000
16.956 2019000
16.956 2020000
15.957 2021000
16.955 2022000
16.954 2023000
16.956 2024000
15.957 2025000
16.956 2026000
16.954 2027000
16.956 2028000
16.954 2029000
16.956 2030000
16.955 2031000
16.956 2032000
16.954 2033000
16.956 2034000
16.956 2035000
16.955 2036000
16.956 2037000
16.955 2038000
16.956 2039000
16.956 2040000
16.955 2041000
16.956 2042000
16.954 2043000
16.956 2044000
16.956 2045000
16.955 2046000
16.956 2047000
16.954 2048000
16.956 2049000
16.956 2050000
16.955 2051000
16.956 2052000
16.955 2053000
16.954 2054000
16.956 2055000
15.957 2056000
16.956 2057000
16.955 2058000
16.956 2059000
16.955 2060000
16.956 2061000
16.955 2062000
16.954 2063000
16.957 2064000
16.955 2065000
16.956 2066000
16.955 2067000
16.956 2068000
16.956 2069000
15.957 2070000
16.956 2071000
16.954 2072000
16.956 2073000
16.956 2074000
16.955 2075000
16.956 2076000
16.954 2077000
16.956 2078000
16.955 2079000
16.954 2080000
16.956 2081000
16.954 2082000
16.956 2083000
16.956 2084000
16.955 2085000
16.956 2086000
16.955 2087000
16.956 2088000
16.956 2089000
17.951 2090000
16.991 2091000
16.986 2092000
18.009 2093000
16.96 2094000
16.954 2095000
16.953 2096000
17.012 2097000
16.956 2098000
17.952 2099000
17.95 2100000
17.952 2101000
17.015 2102000
17.988 2103000
18.949 2104000
17.952 2105000
17.952 2106000
16.954 2107000
17.952 2108000
16.953 2109000
18.009 2110000
17.952 2111000
16.952 2112000
18.01 2113000
17.952 2114000
16.977 2115000
17.951 2116000
17.95 2117000
18.011 2118000
17.95 2119000
18.009 2120000
17.952 2121000
17.95 2122000
17.952 2123000
16.955 2124000
17.951 2125000
17.951 2126000
17.953 2127000
17.985 2128000
17.953 2129000
17.993 2130000
17.952 2131000
17.953 2132000
16.954 2133000
17.952 2134000
17.953 2135000
17.95 2136000
17.953 2137000
17.95 2138000
18.011 2139000
18.923 2140000
17.951 2141000
17.985 2142000
17.954 2143000
17.952 2144000
17.972 2145000
18.012 2146000
17.955 2147000
17.949 2148000
18.008 2149000
17.952 2150000
17.952 2151000
17.998 2152000
17.947 2153000
17.951 2154000
17.953 2155000
17.947 2156000
17.953 2157000
17.948 2158000
17.954 2159000
18.012 2160000
17.952 2161000
18.949 2162000
17.955 2163000
18.009 2164000
17.951 2165000
18.949 2166000
18.953 2167000
17.948 2168000
17.951 2169000
18.01 2170000
17.952 2171000
17.952 2172000
18.009 2173000
17.952 2174000
17.954 2175000
17.946 2176000
17.952 2177000
17.953 2178000
18.944 2179000
18.952 2180000
18.947 2181000
18.949 2182000
17.954 2183000
17.951 2184000
18.948 2185000
18.953 2186000
18.945 2187000
17.955 2188000
18.944 2189000
18.009 2190000
17.95 2191000
18.009 2192000
18.95 2193000
17.948 2194000
17.952 2195000
17.961 2196000
17.953 2197000
18.944 2198000
17.953 2199000
18.005 2200000
17.986 2201000
17.951 2202000
17.951 2203000
17.979 2204000
17.954 2205000
17.954 2206000
17.954 2207000
17.952 2208000
17.952 2209000
17.954 2210000
17.953 2211000
17.953 2212000
17.952 2213000
17.952 2214000
17.954 2215000
17.953 2216000
17.953 2217000
17.952 2218000
17.952 2219000
17.954 2220000
17.953 2221000
17.953 2222000
18.949 2223000
18.949 2224000
17.952 2225000
17.953 2226000
17.953 2227000
17.952 2228000
17.952 2229000
18.951 2230000
17.953 2231000
17.953 2232000
18.951 2233000
18.011 2234000
18.009 2235000
18.952 2236000
18.944 2237000
17.952 2238000
18.982 2239000
18.95 2240000
19.006 2241000
18.949 2242000
19.007 2243000
18.953 2244000
18.95 2245000
18.949 2246000
19.006 2247000
18.949 2248000
17.952 2249000
17.951 2250000
19.005 2251000
18.95 2252000
18.948 2253000
17.952 2254000
18.953 2255000
18.943 2256000
17.951 2257000
18.992 2258000
18.95 2259000
17.951 2260000
17.951 2261000
18.984 2262000
18.949 2263000
19.006 2264000
18.951 2265000
19.007 2266000
18.949 2267000
18.948 2268000
18.949 2269000
18.949 2270000
18.949 2271000
18.949 2272000
18.949 2273000
18.009 2274000
18.948 2275000
18.949 2276000
19.006 2277000
18.95 2278000
17.952 2279000
18.891 2280000
18.983 2281000
17.975 2282000
18.965 2283000
18.949 2284000
19.948 2285000
18.948 2286000
19.946 2287000
18.948 2288000
19.006 2289000
18.949 2290000
18.948 2291000
19.006 2292000
18.988 2293000
18.948 2294000
19.007 2295000
18.949 2296000
18.948 2297000
19.006 2298000
18.948 2299000
18.95 2300000
18.892 2301000
18.974 2302000
19.007 2303000
18.948 2304000
19.006 2305000
18.948 2306000
18.949 2307000
19.008 2308000
18.949 2309000
18.948 2310000
19.007 2311000
18.949 2312000
18.949 2313000
19.007 2314000
18.949 2315000
19.946 2316000
19.947 2317000
19.007 2318000
18.99 2319000
18.948 2320000
19.949 2321000
19.946 2322000
19.946 2323000
19.946 2324000
19.946 2325000
19.946 2326000
18.949 2327000
19.947 2328000
18.949 2329000
18.949 2330000
18.949 2331000
18.949 2332000
18.949 2333000
18.949 2334000
19.946 2335000
19.946 2336000
18.949 2337000
18.951 2338000
18.949 2339000
18.951 2340000
18.951 2341000
18.951 2342000
18.951 2343000
18.951 2344000
18.951 2345000
19.948 2346000
18.949 2347000
19.948 2348000
18.949 2349000
19.946 2350000
19.946 2351000
19.946 2352000
18.949 2353000
19.947 2354000
18.949 2355000
18.951 2356000
19.948 2357000
18.949 2358000
19.946 2359000
19.946 2360000
19.946 2361000
19.946 2362000
19.946 2363000
19.946 2364000
19.946 2365000
19.946 2366000
18.949 2367000
18.95 2368000
19.947 2369000
19.946 2370000
19.947 2371000
19.948 2372000
19.948 2373000
19.948 2374000
18.949 2375000
19.946 2376000
19.946 2377000
19.946 2378000
19.948 2379000
19.948 2380000
19.946 2381000
19.946 2382000
19.946 2383000
19.946 2384000
19.946 2385000
19.948 2386000
19.948 2387000
19.948 2388000
19.946 2389000
19.946 2390000
19.946 2391000
19.946 2392000
19.947 2393000
19.946 2394000
19.948 2395000
19.949 2396000
19.948 2397000
19.946 2398000
19.946 2399000
20.944 2400000
19.948 2401000
19.948 2402000
19.95 2403000
19.946 2404000
18.948 2405000
19.945 2406000
19.947 2407000
19.949 2408000
19.948 2409000
19.946 2410000
19.946 2411000
19.948 2412000
19.948 2413000
19.949 2414000
18.949 2415000
19.946 2416000
18.949 2417000
19.946 2418000
19.949 2419000
19.948 2420000
19.948 2421000
19.946 2422000
19.947 2423000
19.946 2424000
19.948 2425000
19.946 2426000
19.948 2427000
19.947 2428000
19.946 2429000
19.946 2430000
19.948 2431000
19.946 2432000
19.948 2433000
19.946 2434000
19.946 2435000
19.946 2436000
19.948 2437000
20.945 2438000
19.947 2439000
20.943 2440000
20.945 2441000
19.948 2442000
19.946 2443000
20.944 2444000
20.945 2445000
20.944 2446000
20.944 2447000
20.945 2448000
20.945 2449000
19.946 2450000
20.946 2451000
20.945 2452000
20.944 2453000
20.946 2454000
20.947 2455000
20.943 2456000
20.946 2457000
20.945 2458000
20.944 2459000
20.945 2460000
20.946 2461000
19.946 2462000
19.948 2463000
19.946 2464000
19.948 2465000
19.947 2466000
20.944 2467000
20.945 2468000
20.944 2469000
19.946 2470000
20.945 2471000
20.945 2472000
20.944 2473000
20.945 2474000
20.945 2475000
20.944 2476000
20.945 2477000
20.944 2478000
20.944 2479000
20.943 2480000
20.944 2481000
19.948 2482000
20.945 2483000
20.944 2484000
20.945 2485000
20.946 2486000
20.944 2487000
20.945 2488000
19.947 2489000
20.947 2490000
20.945 2491000
19.946 2492000
20.945 2493000
22.94 2494000
22.001 2495000
20.944 2496000
20.943 2497000
20.935 2498000
20.94 2499000
21.941 2500000
20.947 2501000
21.001 2502000
20.945 2503000
20.943 2504000
19.946 2505000
21.003 2506000
20.941 2507000
19.947 2508000
21.001 2509000
20.943 2510000
19.946 2511000
21.001 2512000
20.943 2513000
19.946 2514000
20.945 2515000
20.941 2516000
20.939 2517000
20.943 2518000
21.943 2519000
20.944 2520000
20.947 2521000
20.944 2522000
21.943 2523000
20.945 2524000
20.944 2525000
20.945 2526000
20.944 2527000
20.945 2528000
20.943 2529000
20.945 2530000
20.944 2531000
20.944 2532000
20.944 2533000
20.944 2534000
20.946 2535000
20.945 2536000
20.944 2537000
20.945 2538000
20.944 2539000
20.945 2540000
20.944 2541000
20.945 2542000
20.945 2543000
20.944 2544000
20.946 2545000
20.944 2546000
20.945 2547000
20.945 2548000
20.944 2549000
20.945 2550000
21.941 2551000
20.945 2552000
21.941 2553000
20.945 2554000
20.944 2555000
20.945 2556000
20.945 2557000
20.944 2558000
20.943 2559000
20.945 2560000
20.944 2561000
20.944 2562000
20.945 2563000
20.944 2564000
20.945 2565000
20.943 2566000
21.941 2567000
21.941 2568000
21.943 2569000
21.941 2570000
20.945 2571000
20.944 2572000
20.944 2573000
20.945 2574000
20.944 2575000
20.945 2576000
20.945 2577000
20.944 2578000
21.943 2579000
20.944 2580000
20.945 2581000
20.944 2582000
20.945 2583000
21.943 2584000
21.943 2585000
21.941 2586000
21.943 2587000
21.941 2588000
20.944 2589000
21.943 2590000
21.944 2591000
21.941 2592000
21.943 2593000
21.941 2594000
21.943 2595000
21.941 2596000
21.943 2597000
21.941 2598000
20.945 2599000
20.945 2600000
21.941 2601000
20.945 2602000
20.944 2603000
21.943 2604000
21.941 2605000
21.941 2606000
20.944 2607000
20.946 2608000
20.946 2609000
21.941 2610000
20.945 2611000
20.944 2612000
21.943 2613000
20.944 2614000
21.943 2615000
21.941 2616000
21.943 2617000
20.944 2618000
21.943 2619000
21.941 2620000
21.941 2621000
21.943 2622000
21.941 2623000
21.943 2624000
21.941 2625000
21.943 2626000
21.941 2627000
21.941 2628000
21.943 2629000
20.944 2630000
21.943 2631000
21.943 2632000
21.941 2633000
21.943 2634000
21.941 2635000
21.941 2636000
21.941 2637000
21.943 2638000
21.94 2639000
21.943 2640000
21.941 2641000
21.943 2642000
21.941 2643000
21.943 2644000
21.941 2645000
21.943 2646000
21.941 2647000
21.943 2648000
20.944 2649000
21.941 2650000
21.941 2651000
21.943 2652000
20.944 2653000
21.943 2654000
20.944 2655000
21.943 2656000
21.941 2657000
21.943 2658000
20.944 2659000
21.943 2660000
21.941 2661000
21.943 2662000
21.941 2663000
21.941 2664000
21.941 2665000
21.943 2666000
21.941 2667000
21.943 2668000
21.941 2669000
21.941 2670000
21.943 2671000
21.941 2672000
21.943 2673000
21.941 2674000
21.943 2675000
21.943 2676000
21.941 2677000
21.941 2678000
21.941 2679000
21.943 2680000
21.943 2681000
21.941 2682000
21.942 2683000
22.007 2684000
22.882 2685000
22.999 2686000
22.937 2687000
22.995 2688000
22.942 2689000
21.941 2690000
22.878 2691000
22.996 2692000
22.938 2693000
21.941 2694000
21.943 2695000
21.941 2696000
21.941 2697000
21.979 2698000
21.973 2699000
21.939 2700000
21.941 2701000
22.967 2702000
21.941 2703000
22.939 2704000
22.938 2705000
21.941 2706000
22.939 2707000
22.938 2708000
22.939 2709000
22.938 2710000
21.941 2711000
22.937 2712000
22.939 2713000
22.941 2714000
22.999 2715000
22.935 2716000
21.937 2717000
21.941 2718000
21.999 2719000
21.998 2720000
22.004 2721000
21.94 2722000
22.933 2723000
22.942 2724000
22.937 2725000
22.937 2726000
21.94 2727000
21.942 2728000
21.999 2729000
22.996 2730000
22.938 2731000
22.939 2732000
21.94 2733000
21.94 2734000
21.938 2735000
22.995 2736000
22.938 2737000
22.939 2738000
21.941 2739000
22.938 2740000
22.938 2741000
22.937 2742000
22.938 2743000
22.996 2744000
22.938 2745000
22.942 2746000
22.946 2747000
22.935 2748000
21.937 2749000
22.997 2750000
22.937 2751000
21.941 2752000
22.995 2753000
22.939 2754000
22.882 2755000
22.969 2756000
22.939 2757000
21.999 2758000
22.938 2759000
21.945 2760000
22.941 2761000
22.936 2762000
22.934 2763000
22.934 2764000
22.996 2765000
23.875 2766000
22.972 2767000
23.904 2768000
22.975 2769000
22.963 2770000
22.995 2771000
22.996 2772000
22.995 2773000
22.878 2774000
22.963 2775000
22.935 2776000
22.935 2777000
22.935 2778000
22.935 2779000
21.939 2780000
22.938 2781000
22.938 2782000
22.939 2783000
22.936 2784000
22.938 2785000
22.939 2786000
22.938 2787000
22.938 2788000
22.995 2789000
22.997 2790000
23.935 2791000
23.935 2792000
23.936 2793000
22.939 2794000
22.979 2795000
22.937 2796000
23.937 2797000
23.935 2798000
23.935 2799000
22.939 2800000
22.995 2801000
23.993 2802000
22.938 2803000
22.963 2804000
22.939 2805000
22.937 2806000
22.938 2807000
22.935 2808000
22.995 2809000
22.913 2810000
22.972 2811000
23.93 2812000
22.935 2813000
22.954 2814000
22.995 2815000
22.938 2816000
22.942 2817000
22.938 2818000
22.934 2819000
22.938 2820000
23.936 2821000
22.938 2822000
22.965 2823000
22.953 2824000
22.995 2825000
22.995 2826000
22.995 2827000
22.938 2828000
22.939 2829000
22.939 2830000
22.938 2831000
22.938 2832000
23.935 2833000
23.936 2834000
22.937 2835000
22.935 2836000
22.938 2837000
23.936 2838000
22.938 2839000
22.938 2840000
23.935 2841000
23.939 2842000
23.932 2843000
23.935 2844000
22.937 2845000
22.937 2846000
22.938 2847000
22.942 2848000
22.955 2849000
22.981 2850000
23.909 2851000
23.969 2852000
22.964 2853000
23.935 2854000
23.993 2855000
23.936 2856000
22.939 2857000
23.942 2858000
23.875 2859000
23.972 2860000
23.936 2861000
22.94 2862000
22.941 2863000
23.935 2864000
23.936 2865000
23.958 2866000
24.93 2867000
23.936 2868000
23.995 2869000
23.936 2870000
23.936 2871000
24.876 2872000
23.975 2873000
23.931 2874000
23.936 2875000
23.958 2876000
23.937 2877000
23.936 2878000
23.936 2879000
24.932 2880000
24.876 2881000
23.998 2882000
23.936 2883000
23.997 2884000
23.993 2885000
22.938 2886000
23.938 2887000
23.938 2888000
23.938 2889000
23.938 2890000
23.937 2891000
23.937 2892000
23.938 2893000
23.935 2894000
23.937 2895000
23.937 2896000
23.937 2897000
24.935 2898000
23.936 2899000
24.933 2900000
24.933 2901000
24.933 2902000
23.936 2903000
23.938 2904000
23.936 2905000
23.938 2906000
23.937 2907000
23.937 2908000
23.936 2909000
23.936 2910000
24.935 2911000
23.936 2912000
23.937 2913000
24.933 2914000
24.933 2915000
24.933 2916000
23.936 2917000
23.936 2918000
23.936 2919000
24.933 2920000
24.933 2921000
24.933 2922000
23.935 2923000
24.933 2924000
24.933 2925000
23.936 2926000
23.936 2927000
23.936 2928000
23.936 2929000
23.937 2930000
23.937 2931000
23.936 2932000
23.937 2933000
23.936 2934000
23.937 2935000
24.935 2936000
24.933 2937000
24.933 2938000
24.933 2939000
23.936 2940000
24.935 2941000
24.933 2942000
23.936 2943000
24.936 2944000
24.933 2945000
23.935 2946000
23.935 2947000
23.935 2948000
24.933 2949000
24.933 2950000
24.933 2951000
24.933 2952000
24.933 2953000
24.935 2954000
24.935 2955000
24.935 2956000
24.933 2957000
24.933 2958000
24.933 2959000
24.933 2960000
24.933 2961000
24.933 2962000
24.933 2963000
24.933 2964000
24.933 2965000
23.938 2966000
23.937 2967000
23.937 2968000
24.934 2969000
23.972 2970000
24.936 2971000
24.953 2972000
24.932 2973000
24.935 2974000
24.933 2975000
23.959 2976000
23.936 2977000
24.992 2978000
25.931 2979000
24.93 2980000
24.954 2981000
24.933 2982000
24.934 2983000
24.936 2984000
24.93 2985000
23.959 2986000
23.995 2987000
24.932 2988000
25.93 2989000
24.936 2990000
24.933 2991000
24.931 2992000
24.934 2993000
24.932 2994000
24.99 2995000
24.933 2996000
24.935 2997000
24.933 2998000
24.902 2999000
24.967 3000000
24.932 3001000
24.992 3002000
24.931 3003000
24.934 3004000
24.936 3005000
24.931 3006000
24.933 3007000
24.934 3008000
24.932 3009000
24.991 3010000
24.932 3011000
24.931 3012000
25.898 3013000
24.993 3014000
24.992 3015000
24.996 3016000
24.991 3017000
24.99 3018000
24.99 3019000
24.969 3020000
24.936 3021000
24.933 3022000
24.935 3023000
24.935 3024000
24.933 3025000
24.933 3026000
24.935 3027000
24.935 3028000
24.933 3029000
24.933 3030000
24.933 3031000
24.935 3032000
24.935 3033000
24.936 3034000
24.933 3035000
24.933 3036000
24.933 3037000
24.935 3038000
24.935 3039000
24.935 3040000
24.933 3041000
24.933 3042000
24.935 3043000
24.933 3044000
24.935 3045000
24.933 3046000
24.933 3047000
24.933 3048000
24.935 3049000
24.935 3050000
24.935 3051000
24.933 3052000
24.933 3053000
24.935 3054000
24.933 3055000
24.935 3056000
24.933 3057000
24.933 3058000
24.935 3059000
24.935 3060000
25.931 3061000
25.93 3062000
25.932 3063000
25.932 3064000
25.93 3065000
25.932 3066000
25.932 3067000
25.93 3068000
25.932 3069000
25.932 3070000
25.93 3071000
24.935 3072000
25.932 3073000
25.93 3074000
25.932 3075000
24.934 3076000
25.931 3077000
24.935 3078000
24.935 3079000
24.933 3080000
24.933 3081000
24.933 3082000
24.935 3083000
25.932 3084000
24.933 3085000
25.93 3086000
24.935 3087000
24.933 3088000
24.935 3089000
25.929 3090000
25.932 3091000
24.936 3092000
24.933 3093000
24.935 3094000
25.932 3095000
24.935 3096000
24.933 3097000
25.932 3098000
24.935 3099000
24.933 3100000
25.931 3101000
24.935 3102000
24.933 3103000
25.932 3104000
25.93 3105000
25.93 3106000
25.933 3107000
24.933 3108000
25.931 3109000
25.932 3110000
25.93 3111000
25.93 3112000
25.932 3113000
25.932 3114000
25.93 3115000
25.932 3116000
25.932 3117000
25.93 3118000
25.932 3119000
25.932 3120000
25.93 3121000
25.932 3122000
25.932 3123000
25.931 3124000
24.933 3125000
25.932 3126000
25.932 3127000
25.93 3128000
25.933 3129000
25.933 3130000
26.927 3131000
25.932 3132000
25.93 3133000
25.932 3134000
25.932 3135000
25.931 3136000
25.933 3137000
25.93 3138000
25.932 3139000
25.932 3140000
25.931 3141000
25.932 3142000
25.93 3143000
25.932 3144000
25.931 3145000
25.931 3146000
25.933 3147000
25.93 3148000
26.929 3149000
25.93 3150000
25.931 3151000
25.931 3152000
26.928 3153000
26.93 3154000
26.927 3155000
26.927 3156000
26.928 3157000
26.929 3158000
26.928 3159000
26.929 3160000
26.927 3161000
26.93 3162000
26.927 3163000
27.927 3164000
27.925 3165000
27.925 3166000
26.928 3167000
26.927 3168000
25.93 3169000
25.93 3170000
25.93 3171000
25.932 3172000
25.965 3173000
27.948 3174000
27.868 3175000
26.964 3176000
26.894 3177000
26.929 3178000
26.927 3179000
26.927 3180000
26.929 3181000
26.928 3182000
25.924 3183000
30.916 3184000
26.928 3185000
26.928 3186000
26.929 3187000
26.927 3188000
27.925 3189000
26.962 3190000
29.946 3191000
26.905 3192000
26.894 3193000
26.927 3194000
27.925 3195000
26.928 3196000
26.928 3197000
25.963 3198000
26.893 3199000
27.927 3200000
26.926 3201000
26.929 3202000
26.926 3203000
25.931 3204000
25.931 3205000
26.928 3206000
27.925 3207000
27.925 3208000
27.953 3209000
27.959 3210000
26.924 3211000
26.927 3212000
26.928 3213000
26.928 3214000
27.956 3215000
26.928 3216000
26.924 3217000
26.985 3218000
26.926 3219000
26.985 3220000
26.924 3221000
26.93 3222000
26.985 3223000
26.93 3224000
27.922 3225000
27.928 3226000
27.922 3227000
26.928 3228000
27.926 3229000
26.928 3230000
26.925 3231000
26.985 3232000
26.925 3233000
26.928 3234000
26.925 3235000
25.929 3236000
26.986 3237000
26.925 3238000
26.928 3239000
26.993 3240000
26.923 3241000
26.928 3242000
25.904 3243000
26.927 3244000
25.897 3245000
26.99 3246000
26.9 3247000
26.985 3248000
26.932 3249000
26.969 3250000
26.985 3251000
27.94 3252000
27.927 3253000
26.87 3254000
26.959 3255000
26.897 3256000
26.96 3257000
26.953 3258000
27.924 3259000
27.926 3260000
27.924 3261000
27.868 3262000
27.987 3263000
26.927 3264000
26.924 3265000
26.987 3266000
27.927 3267000
27.923 3268000
27.926 3269000
26.928 3270000
26.93 3271000
26.985 3272000
27.922 3273000
27.925 3274000
26.926 3275000
26.927 3276000
26.985 3277000
27.925 3278000
27.924 3279000
27.926 3280000
26.927 3281000
27.945 3282000
27.926 3283000
27.923 3284000
27.926 3285000
27.923 3286000
26.928 3287000
26.922 3288000
26.98 3289000
26.986 3290000
26.927 3291000
26.928 3292000
26.926 3293000
26.975 3294000
26.926 3295000
26.928 3296000
27.924 3297000
27.925 3298000
27.925 3299000
27.925 3300000
26.93 3301000
26.93 3302000
26.928 3303000
27.927 3304000
26.928 3305000
26.928 3306000
27.927 3307000
26.928 3308000
26.954 3309000
26.93 3310000
26.927 3311000
26.93 3312000
26.927 3313000
26.93 3314000
26.93 3315000
26.928 3316000
26.93 3317000
26.929 3318000
26.929 3319000
27.927 3320000
27.925 3321000
27.927 3322000
27.928 3323000
26.928 3324000
26.93 3325000
26.931 3326000
26.928 3327000
26.927 3328000
27.925 3329000
27.925 3330000
27.927 3331000
27.927 3332000
27.925 3333000
27.925 3334000
27.927 3335000
27.928 3336000
27.925 3337000
27.927 3338000
27.927 3339000
27.927 3340000
27.925 3341000
27.925 3342000
27.927 3343000
27.927 3344000
27.925 3345000
27.925 3346000
27.927 3347000
27.925 3348000
27.925 3349000
27.927 3350000
27.927 3351000
27.925 3352000
27.928 3353000
27.927 3354000
27.927 3355000
27.925 3356000
28.922 3357000
27.927 3358000
27.927 3359000
27.927 3360000
27.925 3361000
27.925 3362000
27.928 3363000
27.927 3364000
27.927 3365000
27.925 3366000
27.925 3367000
28.924 3368000
28.924 3369000
27.927 3370000
27.927 3371000
27.927 3372000
27.925 3373000
27.927 3374000
27.927 3375000
27.927 3376000
27.925 3377000
27.925 3378000
27.928 3379000
27.927 3380000
28.925 3381000
27.927 3382000
27.925 3383000
27.925 3384000
27.927 3385000
27.925 3386000
27.925 3387000
27.928 3388000
27.927 3389000
27.927 3390000
27.925 3391000
27.925 3392000
28.924 3393000
27.959 3394000
26.927 3395000
27.892 3396000
27.957 3397000
27.948 3398000
27.925 3399000
27.964 3400000
27.929 3401000
28.981 3402000
28.923 3403000
28.921 3404000
28.923 3405000
28.919 3406000
27.925 3407000
28.955 3408000
28.863 3409000
28.958 3410000
28.948 3411000
27.925 3412000
28.983 3413000
28.92 3414000
28.922 3415000
28.925 3416000
28.979 3417000
28.924 3418000
27.924 3419000
27.982 3420000
27.984 3421000
27.924 3422000
27.929 3423000
27.867 3424000
28.957 3425000
28.923 3426000
28.977 3427000
28.917 3428000
28.922 3429000
28.922 3430000
28.922 3431000
28.979 3432000
28.922 3433000
28.959 3434000
27.986 3435000
27.96 3436000
28.974 3437000
28.922 3438000
28.924 3439000
28.921 3440000
28.924 3441000
27.926 3442000
27.928 3443000
27.924 3444000
27.984 3445000
27.982 3446000
27.983 3447000
27.942 3448000
28.918 3449000
28.98 3450000
28.922 3451000
28.923 3452000
28.919 3453000
27.982 3454000
28.981 3455000
28.92 3456000
27.924 3457000
27.923 3458000
27.923 3459000
27.983 3460000
28.921 3461000
28.923 3462000
28.925 3463000
27.926 3464000
28.86 3465000
28.923 3466000
29.945 3467000
29.918 3468000
28.923 3469000
28.923 3470000
27.924 3471000
27.982 3472000
28.923 3473000
28.92 3474000
28.918 3475000
29.977 3476000
28.922 3477000
27.922 3478000
28.966 3479000
28.923 3480000
29.918 3481000
28.923 3482000
28.921 3483000
28.95 3484000
28.927 3485000
28.981 3486000
28.98 3487000
28.979 3488000
27.922 3489000
28.921 3490000
28.982 3491000
28.928 3492000
27.924 3493000
28.923 3494000
28.981 3495000
28.921 3496000
29.951 3497000
28.923 3498000
28.922 3499000
28.865 3500000
28.956 3501000
28.95 3502000
28.92 3503000
28.923 3504000
28.923 3505000
28.924 3506000
28.922 3507000
28.922 3508000
28.979 3509000
28.92 3510000
28.922 3511000
28.923 3512000
28.92 3513000
28.927 3514000
28.865 3515000
28.925 3516000
29.937 3517000
28.923 3518000
28.979 3519000
29.92 3520000
28.922 3521000
28.984 3522000
28.923 3523000
28.92 3524000
28.981 3525000
28.922 3526000
28.923 3527000
28.985 3528000
28.922 3529000
28.957 3530000
28.887 3531000
28.98 3532000
29.979 3533000
29.918 3534000
30.914 3535000
29.923 3536000
29.98 3537000
29.918 3538000
29.919 3539000
29.979 3540000
29.917 3541000
28.865 3542000
28.957 3543000
28.98 3544000
28.922 3545000
29.92 3546000
28.922 3547000
28.923 3548000
28.982 3549000
28.956 3550000
28.98 3551000
29.942 3552000
29.919 3553000
29.979 3554000
29.917 3555000
29.917 3556000
30.915 3557000
28.923 3558000
28.982 3559000
28.923 3560000
28.922 3561000
28.983 3562000
28.925 3563000
29.919 3564000
29.923 3565000
29.977 3566000
29.921 3567000
29.915 3568000
29.918 3569000
29.917 3570000
29.887 3571000
29.951 3572000
29.917 3573000
28.981 3574000
29.918 3575000
28.922 3576000
29.922 3577000
29.917 3578000
28.922 3579000
28.943 3580000
28.927 3581000
29.977 3582000
29.923 3583000
30.91 3584000
29.954 3585000
28.922 3586000
28.923 3587000
29.977 3588000
29.923 3589000
29.916 3590000
28.923 3591000
29.918 3592000
29.92 3593000
28.918 3594000
29.976 3595000
29.921 3596000
28.923 3597000
29.92 3598000
28.922 3599000
29.98 3600000
29.913 3601000
29.919 3602000
29.921 3603000
29.922 3604000
29.921 3605000
29.921 3606000
29.921 3607000
28.922 3608000
29.92 3609000
29.919 3610000
28.923 3611000
29.92 3612000
29.92 3613000
29.923 3614000
29.918 3615000
29.923 3616000
29.922 3617000
29.92 3618000
29.92 3619000
29.922 3620000
30.919 3621000
30.917 3622000
30.919 3623000
30.919 3624000
30.917 3625000
29.921 3626000
29.919 3627000
29.921 3628000
29.92 3629000
29.92 3630000
30.919 3631000
30.919 3632000
30.917 3633000
30.919 3634000
29.921 3635000
29.92 3636000
30.917 3637000
29.923 3638000
30.919 3639000
30.917 3640000
29.92 3641000
29.92 3642000
29.921 3643000
29.921 3644000
29.921 3645000
29.92 3646000
30.917 3647000
29.923 3648000
30.919 3649000
30.917 3650000
30.919 3651000
29.921 3652000
29.92 3653000
29.92 3654000
29.92 3655000
29.923 3656000
30.919 3657000
29.92 3658000
29.92 3659000
29.92 3660000
29.92 3661000
29.921 3662000
29.921 3663000
29.921 3664000
29.92 3665000
29.92 3666000
29.922 3667000
30.919 3668000
30.917 3669000
29.92 3670000
29.921 3671000
29.921 3672000
29.921 3673000
29.92 3674000
29.92 3675000
29.921 3676000
30.919 3677000
29.92 3678000
30.917 3679000
30.919 3680000
30.919 3681000
30.917 3682000
30.919 3683000
30.917 3684000
30.919 3685000
30.919 3686000
30.917 3687000
29.92 3688000
29.923 3689000
29.921 3690000
29.921 3691000
29.92 3692000
29.92 3693000
30.919 3694000
29.922 3695000
30.917 3696000
30.919 3697000
29.921 3698000
29.92 3699000
30.917 3700000
30.919 3701000
30.917 3702000
30.919 3703000
30.919 3704000
30.917 3705000
30.919 3706000
30.917 3707000
30.919 3708000
30.919 3709000
30.917 3710000
30.919 3711000
30.917 3712000
30.919 3713000
30.919 3714000
30.917 3715000
31.916 3716000
30.917 3717000
30.919 3718000
31.916 3719000
30.919 3720000
30.919 3721000
30.917 3722000
30.917 3723000
30.917 3724000
30.919 3725000
30.919 3726000
30.917 3727000
30.919 3728000
30.919 3729000
30.917 3730000
30.919 3731000
30.917 3732000
30.919 3733000
30.917 3734000
31.914 3735000
30.919 3736000
30.919 3737000
30.92 3738000
30.917 3739000
30.919 3740000
30.919 3741000
31.914 3742000
30.919 3743000
30.917 3744000
31.916 3745000
30.917 3746000
30.919 3747000
31.916 3748000
30.919 3749000
30.919 3750000
31.915 3751000
30.919 3752000
30.917 3753000
31.916 3754000
30.917 3755000
30.92 3756000
31.914 3757000
30.919 3758000
30.917 3759000
30.919 3760000
30.919 3761000
30.917 3762000
30.919 3763000
30.917 3764000
30.917 3765000
31.918 3766000
31.914 3767000
30.919 3768000
30.917 3769000
30.919 3770000
30.919 3771000
30.917 3772000
31.916 3773000
30.917 3774000
30.919 3775000
30.919 3776000
30.917 3777000
30.919 3778000
30.917 3779000
30.919 3780000
30.919 3781000
30.917 3782000
30.919 3783000
30.917 3784000
30.919 3785000
30.919 3786000
30.917 3787000
30.919 3788000
30.917 3789000
31.916 3790000
30.917 3791000
31.915 3792000
32.911 3793000
31.951 3794000
31.938 3795000
31.919 3796000
31.909 3797000
31.919 3798000
31.914 3799000
31.909 3800000
31.914 3801000
31.919 3802000
30.916 3803000
31.914 3804000
31.914 3805000
31.914 3806000
30.922 3807000
30.948 3808000
31.914 3809000
31.915 3810000
31.918 3811000
30.923 3812000
31.929 3813000
31.915 3814000
31.915 3815000
31.914 3816000
31.972 3817000
31.914 3818000
31.915 3819000
30.917 3820000
30.917 3821000
30.917 3822000
31.974 3823000
31.912 3824000
31.918 3825000
31.919 3826000
32.907 3827000
31.915 3828000
32.91 3829000
32.914 3830000
32.944 3831000
31.916 3832000
31.914 3833000
31.915 3834000
31.916 3835000
31.914 3836000
31.916 3837000
31.916 3838000
31.915 3839000
31.917 3840000
31.914 3841000
32.914 3842000
31.916 3843000
31.914 3844000
31.916 3845000
31.916 3846000
31.915 3847000
31.916 3848000
32.912 3849000
31.914 3850000
31.916 3851000
31.915 3852000
31.917 3853000
31.914 3854000
31.914 3855000
31.917 3856000
31.915 3857000
31.916 3858000
31.916 3859000
30.917 3860000
31.917 3861000
31.914 3862000
31.917 3863000
31.914 3864000
31.916 3865000
31.914 3866000
31.916 3867000
31.915 3868000
31.916 3869000
30.917 3870000
31.916 3871000
31.914 3872000
32.975 3873000
31.914 3874000
31.949 3875000
31.914 3876000
31.919 3877000
31.972 3878000
31.914 3879000
31.971 3880000
31.923 3881000
31.909 3882000
31.974 3883000
31.915 3884000
31.914 3885000
32.966 3886000
31.975 3887000
31.914 3888000
31.914 3889000
31.917 3890000
31.914 3891000
31.857 3892000
31.914 3893000
32.969 3894000
32.911 3895000
32.973 3896000
32.908 3897000
31.911 3898000
32.911 3899000
31.914 3900000
31.914 3901000
32.912 3902000
32.912 3903000
31.914 3904000
32.911 3905000
31.914 3906000
31.963 3907000
31.971 3908000
31.971 3909000
31.911 3910000
31.914 3911000
32.911 3912000
32.854 3913000
32.944 3914000
32.938 3915000
32.973 3916000
32.911 3917000
32.913 3918000
32.853 3919000
31.951 3920000
32.944 3921000
32.913 3922000
33.93 3923000
32.912 3924000
31.914 3925000
31.971 3926000
31.914 3927000
31.914 3928000
31.972 3929000
31.971 3930000
31.972 3931000
31.914 3932000
32.914 3933000
32.911 3934000
32.912 3935000
31.916 3936000
31.915 3937000
31.917 3938000
31.916 3939000
31.914 3940000
32.913 3941000
31.916 3942000
32.912 3943000
31.914 3944000
31.916 3945000
32.911 3946000
32.912 3947000
32.911 3948000
32.912 3949000
32.914 3950000
32.913 3951000
33.911 3952000
32.973 3953000
32.972 3954000
32.969 3955000
32.969 3956000
32.971 3957000
32.909 3958000
32.914 3959000
33.849 3960000
32.972 3961000
32.914 3962000
33.91 3963000
33.945 3964000
33.913 3965000
32.907 3966000
33.907 3967000
33.91 3968000
33.911 3969000
33.907 3970000
33.932 3971000
33.912 3972000
32.908 3973000
32.968 3974000
32.912 3975000
32.915 3976000
32.908 3977000
33.909 3978000
32.916 3979000
32.969 3980000
32.855 3981000
32.947 3982000
32.944 3983000
32.916 3984000
32.914 3985000
32.91 3986000
32.945 3987000
33.965 3988000
33.853 3989000
32.936 3990000
32.914 3991000
33.85 3992000
32.915 3993000
32.911 3994000
32.91 3995000
32.97 3996000
32.94 3997000
32.969 3998000
33.908 3999000
33.908 4000000
33.909 4001000
32.911 4002000
32.936 4003000
32.91 4004000
33.91 4005000
32.911 4006000
33.914 4007000
33.907 4008000
33.908 4009000
33.91 4010000
33.908 4011000
32.911 4012000
33.907 4013000
33.906 4014000
32.911 4015000
33.97 4016000
33.906 4017000
33.909 4018000
33.909 4019000
33.91 4020000
33.934 4021000
32.908 4022000
33.925 4023000
33.935 4024000
33.908 4025000
32.912 4026000
32.97 4027000
32.969 4028000
32.911 4029000
33.966 4030000
33.907 4031000
33.91 4032000
33.967 4033000
33.908 4034000
32.912 4035000
33.91 4036000
33.909 4037000
33.907 4038000
34.906 4039000
33.91 4040000
33.907 4041000
33.968 4042000
32.911 4043000
32.91 4044000
32.909 4045000
32.96 4046000
32.95 4047000
33.907 4048000
33.909 4049000
32.912 4050000
33.852 4051000
33.943 4052000
33.91 4053000
33.875 4054000
32.947 4055000
33.906 4056000
33.908 4057000
34.907 4058000
33.907 4059000
33.943 4060000
33.911 4061000
33.936 4062000
33.908 4063000
33.906 4064000
33.909 4065000
33.934 4066000
33.967 4067000
32.913 4068000
33.909 4069000
33.97 4070000
33.908 4071000
33.909 4072000
32.912 4073000
32.97 4074000
33.849 4075000
32.937 4076000
32.969 4077000
33.912 4078000
33.912 4079000
33.911 4080000
34.908 4081000
33.911 4082000
33.911 4083000
34.908 4084000
34.906 4085000
33.909 4086000
33.912 4087000
33.911 4088000
33.911 4089000
33.911 4090000
33.911 4091000
33.911 4092000
33.909 4093000
33.911 4094000
33.912 4095000
33.911 4096000
33.911 4097000
33.911 4098000
34.908 4099000
34.909 4100000
34.906 4101000
34.906 4102000
34.906 4103000
34.906 4104000
34.906 4105000
33.909 4106000
33.909 4107000
33.909 4108000
33.909 4109000
34.905 4110000
33.91 4111000
32.911 4112000
33.911 4113000
33.911 4114000
32.912 4115000
33.911 4116000
33.911 4117000
33.911 4118000
34.908 4119000
34.907 4120000
34.908 4121000
34.907 4122000
34.906 4123000
34.906 4124000
33.909 4125000
33.911 4126000
33.911 4127000
33.909 4128000
33.911 4129000
33.911 4130000
33.911 4131000
33.911 4132000
36.903 4133000
36.901 4134000
33.909 4135000
34.906 4136000
35.903 4137000
34.906 4138000
35.904 4139000
34.943 4140000
34.903 4141000
35.87 4142000
34.908 4143000
34.906 4144000
34.905 4145000
34.907 4146000
34.905 4147000
35.905 4148000
35.903 4149000
35.936 4150000
35.87 4151000
34.906 4152000
34.906 4153000
34.94 4154000
33.874 4155000
33.909 4156000
33.909 4157000
35.903 4158000
35.904 4159000
37.929 4160000
35.867 4161000
37.9 4162000
34.905 4163000
34.908 4164000
34.906 4165000
34.906 4166000
35.904 4167000
35.911 4168000
34.906 4169000
34.941 4170000
35.929 4171000
35.901 4172000
35.904 4173000
34.907 4174000
34.905 4175000
34.964 4176000
35.905 4177000
35.902 4178000
34.906 4179000
35.901 4180000
34.906 4181000
34.964 4182000
34.966 4183000
34.906 4184000
34.905 4185000
34.906 4186000
34.906 4187000
34.96 4188000
33.909 4189000
34.948 4190000
34.909 4191000
35.844 4192000
34.966 4193000
35.958 4194000
35.906 4195000
34.909 4196000
33.908 4197000
33.966 4198000
34.91 4199000
35.899 4200000
35.908 4201000
35.842 4202000
34.939 4203000
35.93 4204000
34.929 4205000
34.849 4206000
34.934 4207000
34.964 4208000
34.963 4209000
34.902 4210000
35.941 4211000
35.902 4212000
35.9 4213000
35.929 4214000
35.904 4215000
35.904 4216000
34.903 4217000
34.963 4218000
34.963 4219000
34.963 4220000
35.899 4221000
35.961 4222000
35.904 4223000
34.906 4224000
34.902 4225000
34.849 4226000
34.94 4227000
35.872 4228000
35.935 4229000
34.906 4230000
34.91 4231000
34.906 4232000
34.918 4233000
34.906 4234000
34.871 4235000
34.906 4236000
34.959 4237000
34.906 4238000
34.903 4239000
34.906 4240000
35.961 4241000
35.907 4242000
35.901 4243000
35.961 4244000
34.906 4245000
34.967 4246000
34.929 4247000
34.906 4248000
34.963 4249000
34.963 4250000
35.927 4251000
35.907 4252000
35.907 4253000
35.902 4254000
35.899 4255000
34.905 4256000
34.907 4257000
34.918 4258000
34.963 4259000
34.906 4260000
35.899 4261000
34.911 4262000
34.851 4263000
34.905 4264000
34.903 4265000
34.906 4266000
35.904 4267000
35.908 4268000
34.902 4269000
34.906 4270000
34.902 4271000
35.965 4272000
35.9 4273000
35.904 4274000
35.903 4275000
35.915 4276000
35.904 4277000
36.901 4278000
35.903 4279000
35.961 4280000
34.903 4281000
35.907 4282000
35.904 4283000
35.903 4284000
35.907 4285000
35.901 4286000
35.906 4287000
36.841 4288000
35.961 4289000
34.903 4290000
35.907 4291000
35.904 4292000
34.906 4293000
34.899 4294000
35.939 4295000
35.929 4296000
35.905 4297000
35.963 4298000
35.904 4299000
36.9 4300000
36.901 4301000
35.905 4302000
36.958 4303000
34.906 4304000
36.917 4305000
34.907 4306000
35.903 4307000
35.938 4308000
35.931 4309000
35.901 4310000
34.906 4311000
34.963 4312000
35.892 4313000
35.938 4314000
35.961 4315000
36.954 4316000
35.902 4317000
35.904 4318000
35.904 4319000
35.907 4320000
35.9 4321000
35.904 4322000
35.904 4323000
34.906 4324000
35.962 4325000
35.903 4326000
36.843 4327000
35.938 4328000
36.902 4329000
36.869 4330000
35.939 4331000
35.873 4332000
35.941 4333000
35.928 4334000
35.961 4335000
35.904 4336000
36.9 4337000
36.902 4338000
36.901 4339000
35.961 4340000
35.904 4341000
34.905 4342000
35.904 4343000
34.905 4344000
35.902 4345000
35.961 4346000
35.847 4347000
35.962 4348000
35.903 4349000
35.905 4350000
35.937 4351000
35.904 4352000
35.904 4353000
35.903 4354000
37.899 4355000
36.901 4356000
36.958 4357000
36.901 4358000
35.961 4359000
36.903 4360000
36.903 4361000
36.901 4362000
35.905 4363000
35.904 4364000
35.905 4365000
35.905 4366000
34.907 4367000
35.905 4368000
35.904 4369000
35.904 4370000
35.907 4371000
35.903 4372000
35.906 4373000
35.906 4374000
34.906 4375000
35.904 4376000
35.907 4377000
35.902 4378000
36.904 4379000
36.901 4380000
36.903 4381000
35.904 4382000
36.903 4383000
36.901 4384000
36.904 4385000
36.901 4386000
35.905 4387000
36.901 4388000
36.903 4389000
35.903 4390000
35.906 4391000
35.904 4392000
35.905 4393000
35.905 4394000
36.903 4395000
36.901 4396000
35.905 4397000
35.904 4398000
36.901 4399000
36.901 4400000
35.905 4401000
35.904 4402000
35.906 4403000
35.905 4404000
36.902 4405000
35.907 4406000
35.903 4407000
35.906 4408000
35.903 4409000
35.906 4410000
35.905 4411000
35.904 4412000
36.904 4413000
36.901 4414000
35.906 4415000
35.905 4416000
36.904 4417000
36.903 4418000
36.903 4419000
35.904 4420000
35.905 4421000
37.9 4422000
35.94 4423000
35.912 4424000
36.903 4425000
36.867 4426000
35.905 4427000
35.936 4428000
36.9 4429000
36.928 4430000
36.897 4431000
36.901 4432000
35.904 4433000
36.901 4434000
36.936 4435000
36.901 4436000
36.903 4437000
37.898 4438000
36.901 4439000
36.962 4440000
36.9 4441000
36.901 4442000
36.902 4443000
36.902 4444000
36.901 4445000
36.901 4446000
36.961 4447000
37.959 4448000
38.888 4449000
36.902 4450000
36.901 4451000
36.902 4452000
37.956 4453000
37.898 4454000
38.957 4455000
36.961 4456000
36.905 4457000
36.958 4458000
36.901 4459000
36.958 4460000
36.901 4461000
36.958 4462000
37.896 4463000
36.905 4464000
36.897 4465000
36.843 4466000
36.904 4467000
36.933 4468000
37.898 4469000
37.864 4470000
36.934 4471000
36.957 4472000
35.902 4473000
36.903 4474000
36.903 4475000
36.901 4476000
37.898 4477000
37.9 4478000
37.9 4479000
36.903 4480000
36.901 4481000
36.903 4482000
36.903 4483000
36.901 4484000
36.903 4485000
36.901 4486000
36.903 4487000
36.901 4488000
36.903 4489000
36.903 4490000
36.901 4491000
36.903 4492000
36.902 4493000
36.904 4494000
36.901 4495000
36.903 4496000
36.901 4497000
36.903 4498000
36.903 4499000
36.901 4500000
36.903 4501000
37.898 4502000
37.899 4503000
37.9 4504000
37.899 4505000
36.901 4506000
36.901 4507000
36.903 4508000
37.899 4509000
37.9 4510000
38.898 4511000
37.9 4512000
37.901 4513000
37.898 4514000
37.9 4515000
37.9 4516000
37.901 4517000
37.898 4518000
36.9 4519000
37.9 4520000
37.901 4521000
37.898 4522000
37.898 4523000
37.9 4524000
37.9 4525000
36.901 4526000
36.903 4527000
36.901 4528000
36.903 4529000
36.903 4530000
36.901 4531000
36.903 4532000
37.898 4533000
38.896 4534000
37.9 4535000
37.898 4536000
37.897 4537000
37.901 4538000
37.898 4539000
37.898 4540000
37.9 4541000
37.9 4542000
36.903 4543000
36.903 4544000
36.9 4545000
36.903 4546000
36.903 4547000
37.898 4548000
36.901 4549000
37.9 4550000
37.9 4551000
37.898 4552000
38.896 4553000
37.9 4554000
37.9 4555000
37.898 4556000
36.901 4557000
36.903 4558000
37.9 4559000
36.902 4560000
36.904 4561000
36.903 4562000
37.899 4563000
37.9 4564000
37.9 4565000
37.898 4566000
37.9 4567000
37.9 4568000
37.898 4569000
37.898 4570000
37.9 4571000
38.899 4572000
37.901 4573000
37.898 4574000
38.896 4575000
38.895 4576000
37.9 4577000
38.897 4578000
37.9 4579000
37.9 4580000
38.895 4581000
38.896 4582000
37.899 4583000
38.899 4584000
37.9 4585000
38.897 4586000
38.898 4587000
38.896 4588000
38.898 4589000
38.895 4590000
38.895 4591000
38.896 4592000
38.899 4593000
38.896 4594000
38.898 4595000
38.896 4596000
38.897 4597000
38.897 4598000
38.897 4599000
38.897 4600000
37.901 4601000
38.898 4602000
38.896 4603000
38.895 4604000
38.898 4605000
38.899 4606000
38.897 4607000
38.896 4608000
37.9 4609000
38.896 4610000
37.898 4611000
37.9 4612000
37.9 4613000
37.9 4614000
37.899 4615000
37.898 4616000
37.9 4617000
37.901 4618000
36.901 4619000
37.9 4620000
37.9 4621000
37.9 4622000
37.899 4623000
37.898 4624000
37.9 4625000
37.898 4626000
37.899 4627000
37.898 4628000
38.898 4629000
37.9 4630000
37.9 4631000
37.899 4632000
38.895 4633000
37.9 4634000
37.9 4635000
37.9 4636000
37.899 4637000
37.899 4638000
37.9 4639000
37.9 4640000
38.898 4641000
37.9 4642000
37.898 4643000
38.896 4644000
38.896 4645000
37.9 4646000
37.9 4647000
37.901 4648000
37.898 4649000
37.898 4650000
38.898 4651000
37.898 4652000
37.9 4653000
37.899 4654000
37.899 4655000
37.899 4656000
37.901 4657000
37.901 4658000
37.901 4659000
38.895 4660000
38.895 4661000
38.896 4662000
38.898 4663000
38.897 4664000
38.897 4665000
38.896 4666000
38.897 4667000
38.896 4668000
38.898 4669000
38.897 4670000
38.897 4671000
38.897 4672000
38.898 4673000
38.899 4674000
38.898 4675000
39.895 4676000
39.893 4677000
38.896 4678000
38.896 4679000
38.897 4680000
38.896 4681000
38.896 4682000
38.898 4683000
38.898 4684000
38.899 4685000
38.898 4686000
38.897 4687000
38.897 4688000
38.897 4689000
38.899 4690000
38.898 4691000
38.897 4692000
38.897 4693000
38.897 4694000
38.897 4695000
38.898 4696000
38.899 4697000
38.898 4698000
38.897 4699000
38.932 4700000
38.92 4701000
38.922 4702000
37.933 4703000
38.956 4704000
38.893 4705000
38.953 4706000
39.893 4707000
38.897 4708000
38.954 4709000
38.894 4710000
38.952 4711000
39.894 4712000
39.892 4713000
39.893 4714000
38.92 4715000
39.893 4716000
39.893 4717000
38.836 4718000
38.894 4719000
38.922 4720000
38.897 4721000
39.836 4722000
39.918 4723000
39.893 4724000
39.892 4725000
39.893 4726000
39.835 4727000
39.907 4728000
38.898 4729000
39.91 4730000
39.919 4731000
38.954 4732000
39.894 4733000
39.834 4734000
39.895 4735000
39.895 4736000
39.895 4737000
38.897 4738000
38.896 4739000
39.893 4740000
38.896 4741000
38.896 4742000
39.893 4743000
38.896 4744000
38.896 4745000
38.896 4746000
38.896 4747000
38.897 4748000
38.897 4749000
38.897 4750000
38.899 4751000
39.895 4752000
38.896 4753000
38.896 4754000
38.898 4755000
39.895 4756000
39.893 4757000
39.893 4758000
39.893 4759000
38.896 4760000
39.895 4761000
39.895 4762000
39.895 4763000
39.895 4764000
38.896 4765000
38.896 4766000
38.896 4767000
38.896 4768000
38.896 4769000
38.896 4770000
38.896 4771000
39.893 4772000
39.893 4773000
38.896 4774000
38.896 4775000
38.896 4776000
39.893 4777000
38.898 4778000
38.897 4779000
38.897 4780000
38.896 4781000
38.897 4782000
39.893 4783000
38.898 4784000
39.896 4785000
39.895 4786000
39.893 4787000
40.89 4788000
39.893 4789000
39.895 4790000
39.895 4791000
39.896 4792000
39.893 4793000
39.893 4794000
39.895 4795000
39.895 4796000
39.895 4797000
40.89 4798000
39.895 4799000
39.895 4800000
39.893 4801000
39.893 4802000
39.893 4803000
38.896 4804000
38.896 4805000
38.896 4806000
38.896 4807000
38.896 4808000
38.896 4809000
39.893 4810000
39.893 4811000
40.89 4812000
39.895 4813000
39.895 4814000
39.893 4815000
39.895 4816000
39.893 4817000
38.896 4818000
39.893 4819000
39.893 4820000
38.896 4821000
39.894 4822000
39.896 4823000
39.895 4824000
39.895 4825000
39.893 4826000
38.896 4827000
40.891 4828000
39.895 4829000
39.895 4830000
40.892 4831000
40.89 4832000
39.895 4833000
40.89 4834000
40.891 4835000
40.89 4836000
39.895 4837000
39.893 4838000
39.893 4839000
39.895 4840000
39.895 4841000
39.896 4842000
39.893 4843000
39.893 4844000
38.895 4845000
39.892 4846000
39.895 4847000
39.895 4848000
39.895 4849000
39.893 4850000
39.893 4851000
39.893 4852000
40.893 4853000
40.892 4854000
40.89 4855000
40.892 4856000
40.89 4857000
40.89 4858000
40.892 4859000
40.892 4860000
40.891 4861000
40.892 4862000
39.893 4863000
39.893 4864000
39.893 4865000
39.895 4866000
39.895 4867000
39.893 4868000
39.893 4869000
40.89 4870000
40.892 4871000
40.892 4872000
39.893 4873000
39.895 4874000
40.893 4875000
39.892 4876000
39.895 4877000
39.896 4878000
39.895 4879000
40.892 4880000
40.89 4881000
40.892 4882000
40.892 4883000
40.891 4884000
40.892 4885000
40.891 4886000
41.891 4887000
40.89 4888000
41.93 4889000
42.947 4890000
41.887 4891000
40.89 4892000
40.889 4893000
40.891 4894000
40.892 4895000
41.886 4896000
40.891 4897000
40.897 4898000
40.948 4899000
40.887 4900000
40.891 4901000
41.886 4902000
41.92 4903000
40.889 4904000
39.893 4905000
40.833 4906000
40.95 4907000
39.954 4908000
40.888 4909000
40.89 4910000
40.89 4911000
40.95 4912000
40.891 4913000
39.892 4914000
40.834 4915000
40.922 4916000
41.907 4917000
43.828 4918000
40.89 4919000
41.889 4920000
41.888 4921000
41.89 4922000
43.885 4923000
41.92 4924000
42.84 4925000
43.884 4926000
42.883 4927000
41.889 4928000
41.887 4929000
41.887 4930000
43.883 4931000
44.906 4932000
42.858 4933000
41.886 4934000
41.888 4935000
42.884 4936000
41.888 4937000
41.887 4938000
41.89 4939000
41.888 4940000
41.888 4941000
41.888 4942000
41.888 4943000
42.885 4944000
41.888 4945000
41.888 4946000
41.887 4947000
41.888 4948000
40.891 4949000
40.953 4950000
40.949 4951000
40.89 4952000
40.922 4953000
41.831 4954000
39.893 4955000
41.912 4956000
41.887 4957000
41.888 4958000
41.887 4959000
41.887 4960000
41.886 4961000
41.945 4962000
41.888 4963000
40.89 4964000
40.889 4965000
41.946 4966000
41.887 4967000
41.888 4968000
41.949 4969000
41.922 4970000
40.889 4971000
41.891 4972000
41.89 4973000
40.89 4974000
40.891 4975000
40.892 4976000
40.89 4977000
40.892 4978000
40.892 4979000
41.888 4980000
41.891 4981000
41.89 4982000
40.89 4983000
41.889 4984000
40.89 4985000
40.891 4986000
41.889 4987000
42.885 4988000
41.889 4989000
41.89 4990000
40.89 4991000
40.892 4992000
40.892 4993000
40.891 4994000
40.893 4995000
40.892 4996000
40.891 4997000
40.892 4998000
40.891 4999000
40.893 5000000
