0 1000
0 2000
0 3000
0 4000
0 5000
0 6000
0 7000
0 8000
0 9000
0 10000
0 11000
0 12000
0 13000
0 14000
0 15000
0 16000
0 17000
0 18000
0.997 19000
0 20000
0.997 21000
0 22000
0 23000
0 24000
0.997 25000
0 26000
0 27000
0.997 28000
0 29000
0 30000
0 31000
0 32000
0 33000
0 34000
0 35000
0.997 36000
0 37000
0 38000
0.999 39000
0 40000
0 41000
0 42000
0 43000
0 44000
0 45000
0 46000
0 47000
0.994 48000
0 49000
0 50000
0 51000
0 52000
0 53000
0 54000
0.994 55000
0 56000
0.963 57000
0.998 58000
0 59000
0 60000
0.995 61000
0 62000
0 63000
0 64000
0.998 65000
0 66000
0 67000
0 68000
0.997 69000
0 70000
0 71000
0 72000
0.997 73000
0 74000
0.996 75000
0.997 76000
0.997 77000
0.997 78000
0 79000
0.997 80000
0.996 81000
0 82000
0.997 83000
0.996 84000
0.997 85000
0.997 86000
0.997 87000
0.997 88000
0.997 89000
0.997 90000
0.997 91000
0.997 92000
0.997 93000
0.997 94000
0 95000
0.997 96000
0.997 97000
0.997 98000
0 99000
0.997 100000
0.997 101000
0.997 102000
0.997 103000
0 104000
1 105000
0 106000
0.996 107000
0.997 108000
0.997 109000
0.997 110000
0.997 111000
0.997 112000
0.997 113000
0.997 114000
0.997 115000
0.997 116000
0.997 117000
0.997 118000
0.997 119000
0.997 120000
0.997 121000
0.997 122000
0.997 123000
0.997 124000
0.997 125000
0.997 126000
0.997 127000
0.997 128000
0.997 129000
0.997 130000
0.997 131000
1.994 132000
0.997 133000
1.995 134000
0.997 135000
1.995 136000
1.995 137000
1.995 138000
0.997 139000
1.994 140000
1.994 141000
0.997 142000
0.997 143000
0.997 144000
1.995 145000
0.997 146000
0.997 147000
0.997 148000
0.997 149000
0.997 150000
1.995 151000
1.995 152000
1.994 153000
0.997 154000
0.997 155000
0.997 156000
1.995 157000
0.997 158000
1.995 159000
1.995 160000
0.997 161000
0.997 162000
1.995 163000
1.995 164000
0.997 165000
0.997 166000
0.997 167000
0.997 168000
1.995 169000
0.997 170000
0.997 171000
1.995 172000
0.997 173000
0.997 174000
1.995 175000
1.995 176000
0.997 177000
0.998 178000
1.995 179000
1.995 180000
1.994 181000
0.997 182000
0.998 183000
1.994 184000
0.997 185000
1.994 186000
1.994 187000
1.995 188000
1.995 189000
1.995 190000
1.995 191000
1.995 192000
1.994 193000
1.995 194000
1.995 195000
1.994 196000
1.995 197000
1.995 198000
1.995 199000
1.995 200000
1.995 201000
1.995 202000
1.995 203000
1.994 204000
1.995 205000
1.995 206000
0.997 207000
1.995 208000
0.998 209000
1.995 210000
1.995 211000
1.995 212000
1.995 213000
1.995 214000
1.995 215000
1.995 216000
1.995 217000
2.992 218000
1.995 219000
1.995 220000
1.995 221000
1.994 222000
1.995 223000
1.995 224000
1.995 225000
1.995 226000
1.995 227000
1.995 228000
1.995 229000
1.995 230000
1.995 231000
1.994 232000
1.996 233000
1.995 234000
1.996 235000
1.994 236000
2.992 237000
1.994 238000
1.996 239000
1.996 240000
1.995 241000
1.996 242000
1.994 243000
1.996 244000
1.996 245000
1.995 246000
1.996 247000
1.995 248000
1.996 249000
1.996 250000
1.995 251000
1.996 252000
1.994 253000
1.995 254000
1.996 255000
1.995 256000
1.996 257000
1.994 258000
1.996 259000
1.994 260000
2.992 261000
1.996 262000
1.996 263000
1.994 264000
1.995 265000
1.995 266000
1.997 267000
1.996 268000
1.995 269000
1.996 270000
1.996 271000
1.996 272000
1.996 273000
1.995 274000
1.996 275000
2.992 276000
2.992 277000
1.996 278000
1.994 279000
1.996 280000
2.992 281000
2.991 282000
2.993 283000
2.993 284000
2.994 285000
2.991 286000
2.993 287000
2.992 288000
2.992 289000
2.994 290000
2.993 291000
2.991 292000
2.994 293000
2.993 294000
2.993 295000
2.992 296000
2.993 297000
2.993 298000
2.993 299000
2.992 300000
2.993 301000
2.993 302000
2.993 303000
2.992 304000
2.993 305000
2.993 306000
2.993 307000
2.992 308000
2.993 309000
2.992 310000
1.994 311000
2.994 312000
2.993 313000
2.993 314000
2.992 315000
2.993 316000
2.993 317000
2.994 318000
2.991 319000
2.993 320000
2.993 321000
2.993 322000
1.994 323000
2.992 324000
2.994 325000
2.993 326000
1.995 327000
2.994 328000
2.993 329000
2.994 330000
1.994 331000
2.993 332000
2.992 333000
2.992 334000
2.992 335000
2.994 336000
2.994 337000
2.993 338000
2.992 339000
2.992 340000
2.994 341000
2.992 342000
2.992 343000
2.994 344000
2.993 345000
3.991 346000
2.991 347000
2.992 348000
2.994 349000
2.993 350000
2.993 351000
2.992 352000
2.992 353000
2.994 354000
2.992 355000
2.993 356000
2.992 357000
2.992 358000
2.992 359000
2.993 360000
2.992 361000
2.992 362000
3.989 363000
2.994 364000
2.993 365000
2.992 366000
2.992 367000
2.994 368000
2.993 369000
2.993 370000
2.993 371000
2.992 372000
2.994 373000
2.993 374000
2.994 375000
2.992 376000
2.992 377000
2.994 378000
2.993 379000
2.993 380000
2.992 381000
2.992 382000
2.994 383000
2.993 384000
2.993 385000
2.992 386000
2.992 387000
2.993 388000
2.993 389000
2.994 390000
2.992 391000
2.992 392000
3.991 393000
2.993 394000
3.989 395000
2.993 396000
3.991 397000
3.989 398000
3.989 399000
3.991 400000
3.991 401000
3.991 402000
3.989 403000
3.991 404000
3.991 405000
3.991 406000
3.991 407000
3.991 408000
3.991 409000
3.991 410000
3.991 411000
3.991 412000
3.991 413000
3.989 414000
3.991 415000
3.991 416000
3.991 417000
3.991 418000
3.991 419000
3.99 420000
3.991 421000
3.991 422000
3.991 423000
3.991 424000
3.989 425000
2.992 426000
3.989 427000
3.989 428000
3.989 429000
3.991 430000
3.991 431000
3.991 432000
3.991 433000
3.991 434000
3.99 435000
3.991 436000
3.991 437000
3.991 438000
3.991 439000
3.991 440000
3.991 441000
3.991 442000
3.991 443000
3.991 444000
3.991 445000
3.991 446000
3.99 447000
3.991 448000
3.991 449000
3.991 450000
3.991 451000
3.991 452000
3.989 453000
3.991 454000
3.991 455000
3.991 456000
3.991 457000
3.991 458000
3.99 459000
3.989 460000
3.991 461000
3.99 462000
3.991 463000
3.991 464000
3.99 465000
3.991 466000
3.991 467000
3.99 468000
3.991 469000
3.989 470000
3.991 471000
3.991 472000
3.991 473000
3.991 474000
3.991 475000
3.991 476000
3.991 477000
3.991 478000
3.991 479000
3.989 480000
3.991 481000
3.991 482000
3.989 483000
3.991 484000
3.991 485000
3.991 486000
3.991 487000
3.991 488000
3.991 489000
3.991 490000
3.991 491000
3.99 492000
3.991 493000
3.991 494000
3.991 495000
3.989 496000
3.991 497000
3.991 498000
3.989 499000
3.991 500000
3.991 501000
3.991 502000
3.991 503000
3.991 504000
4.988 505000
3.988 506000
3.989 507000
4.986 508000
4.986 509000
4.986 510000
4.986 511000
4.986 512000
4.986 513000
4.986 514000
4.986 515000
3.989 516000
3.989 517000
3.989 518000
3.989 519000
4.986 520000
4.986 521000
4.986 522000
3.989 523000
3.989 524000
3.989 525000
4.987 526000
4.989 527000
4.988 528000
4.988 529000
4.986 530000
3.989 531000
3.989 532000
4.986 533000
4.986 534000
4.986 535000
4.987 536000
4.986 537000
4.988 538000
4.986 539000
4.988 540000
4.988 541000
4.986 542000
3.989 543000
4.987 544000
4.986 545000
3.989 546000
4.987 547000
4.986 548000
4.989 549000
4.988 550000
4.986 551000
4.988 552000
4.986 553000
4.986 554000
4.987 555000
4.988 556000
4.988 557000
4.988 558000
3.989 559000
4.987 560000
3.989 561000
4.987 562000
4.988 563000
4.988 564000
4.988 565000
4.987 566000
4.987 567000
4.986 568000
4.988 569000
4.988 570000
4.986 571000
4.986 572000
4.987 573000
4.986 574000
4.986 575000
4.988 576000
4.988 577000
4.988 578000
4.986 579000
4.986 580000
4.987 581000
4.986 582000
4.988 583000
4.988 584000
4.987 585000
5.983 586000
4.986 587000
4.988 588000
4.988 589000
4.988 590000
4.987 591000
4.986 592000
4.987 593000
4.988 594000
4.988 595000
4.986 596000
4.986 597000
5.984 598000
4.988 599000
4.988 600000
4.988 601000
4.987 602000
4.986 603000
4.986 604000
4.989 605000
4.988 606000
4.986 607000
4.987 608000
5.985 609000
4.988 610000
4.987 611000
4.986 612000
4.988 613000
4.988 614000
4.988 615000
4.987 616000
4.987 617000
4.988 618000
4.988 619000
4.986 620000
4.987 621000
4.985 622000
4.988 623000
4.988 624000
5.985 625000
5.984 626000
4.988 627000
5.985 628000
5.984 629000
5.985 630000
5.985 631000
5.984 632000
5.984 633000
5.986 634000
5.983 635000
5.984 636000
5.985 637000
5.984 638000
5.984 639000
4.987 640000
5.986 641000
5.985 642000
5.984 643000
5.985 644000
5.985 645000
5.983 646000
5.985 647000
5.985 648000
5.984 649000
5.986 650000
5.985 651000
5.983 652000
5.985 653000
5.985 654000
5.984 655000
5.985 656000
5.985 657000
6.981 658000
5.985 659000
5.984 660000
4.987 661000
5.985 662000
5.984 663000
5.986 664000
5.984 665000
5.985 666000
5.985 667000
5.984 668000
5.985 669000
5.985 670000
4.986 671000
5.985 672000
5.985 673000
4.986 674000
5.985 675000
5.985 676000
4.987 677000
5.985 678000
5.985 679000
4.987 680000
5.985 681000
5.984 682000
5.985 683000
5.985 684000
5.984 685000
5.985 686000
5.984 687000
5.984 688000
5.985 689000
5.985 690000
5.984 691000
5.985 692000
5.984 693000
5.984 694000
5.985 695000
5.984 696000
5.985 697000
5.985 698000
5.984 699000
5.985 700000
5.984 701000
5.985 702000
5.986 703000
5.984 704000
5.985 705000
5.984 706000
5.985 707000
5.985 708000
5.984 709000
5.985 710000
5.984 711000
5.985 712000
5.985 713000
5.984 714000
5.984 715000
5.984 716000
5.985 717000
5.985 718000
5.984 719000
5.985 720000
5.984 721000
5.984 722000
5.985 723000
5.984 724000
5.985 725000
5.984 726000
5.985 727000
5.985 728000
5.984 729000
5.985 730000
5.984 731000
5.985 732000
5.985 733000
5.984 734000
5.986 735000
5.984 736000
5.986 737000
5.984 738000
5.985 739000
6.981 740000
5.986 741000
6.981 742000
5.985 743000
6.98 744000
6.983 745000
6.981 746000
6.983 747000
6.981 748000
6.981 749000
5.984 750000
6.983 751000
6.981 752000
6.983 753000
6.981 754000
6.983 755000
6.981 756000
6.983 757000
6.981 758000
6.983 759000
6.981 760000
6.983 761000
6.981 762000
6.983 763000
6.981 764000
6.983 765000
6.981 766000
6.983 767000
6.981 768000
6.982 769000
6.981 770000
6.983 771000
6.981 772000
6.983 773000
6.981 774000
6.983 775000
6.981 776000
6.983 777000
6.981 778000
6.981 779000
6.981 780000
6.983 781000
6.981 782000
6.983 783000
6.981 784000
6.982 785000
6.981 786000
5.984 787000
6.981 788000
5.984 789000
6.981 790000
6.983 791000
6.981 792000
6.983 793000
6.983 794000
6.981 795000
6.983 796000
6.981 797000
6.983 798000
6.983 799000
6.981 800000
6.983 801000
6.981 802000
6.983 803000
6.983 804000
6.981 805000
6.983 806000
6.981 807000
6.983 808000
6.983 809000
6.981 810000
6.983 811000
6.981 812000
6.983 813000
6.983 814000
6.981 815000
6.983 816000
6.981 817000
6.983 818000
6.983 819000
6.981 820000
6.983 821000
6.981 822000
6.983 823000
6.983 824000
6.981 825000
6.983 826000
6.981 827000
6.983 828000
7.98 829000
7.979 830000
6.983 831000
6.983 832000
6.981 833000
6.983 834000
6.981 835000
6.983 836000
6.983 837000
6.981 838000
6.983 839000
6.981 840000
6.983 841000
6.983 842000
6.981 843000
6.983 844000
6.981 845000
6.983 846000
6.983 847000
6.981 848000
6.983 849000
6.983 850000
6.983 851000
7.98 852000
7.98 853000
7.978 854000
7.98 855000
7.98 856000
7.978 857000
7.978 858000
7.98 859000
7.98 860000
7.978 861000
7.98 862000
7.993 863000
8.04 864000
7.978 865000
7.978 866000
6.984 867000
6.983 868000
8.035 869000
7.978 870000
7.978 871000
6.978 872000
7.038 873000
7.977 874000
7.978 875000
6.984 876000
8.036 877000
7.978 878000
7.983 879000
6.981 880000
8.036 881000
7.981 882000
6.978 883000
8.038 884000
7.978 885000
6.984 886000
8.036 887000
7.978 888000
6.981 889000
7.989 890000
7.982 891000
8.038 892000
7.978 893000
7.978 894000
7.978 895000
8.039 896000
8.967 897000
7.986 898000
8.967 899000
8.013 900000
6.98 901000
8.034 902000
6.976 903000
8.006 904000
8.035 905000
7.978 906000
8.037 907000
6.982 908000
7.983 909000
7.979 910000
7.978 911000
7.978 912000
7.978 913000
8.036 914000
7.978 915000
8.005 916000
7.978 917000
7.978 918000
8.036 919000
6.98 920000
7.978 921000
7.978 922000
7.979 923000
8.003 924000
7.978 925000
7.983 926000
8.009 927000
7.975 928000
7.978 929000
7.978 930000
8.035 931000
7.978 932000
7.978 933000
7.979 934000
7.978 935000
7.978 936000
7.978 937000
7.978 938000
8.037 939000
7.978 940000
8.976 941000
7.978 942000
7.991 943000
8.036 944000
8.035 945000
7.978 946000
7.92 947000
8.015 948000
8.012 949000
8.012 950000
7.978 951000
7.978 952000
8.004 953000
7.978 954000
8.975 955000
8.978 956000
8.973 957000
8.976 958000
7.978 959000
7.981 960000
7.921 961000
8.015 962000
8.018 963000
7.981 964000
8.973 965000
8.976 966000
8.977 967000
8.975 968000
8.975 969000
8.976 970000
8.976 971000
8.976 972000
7.979 973000
7.978 974000
8.918 975000
9.009 976000
8.973 977000
7.977 978000
8.003 979000
8.035 980000
8.976 981000
8.974 982000
8.976 983000
7.978 984000
7.978 985000
8.037 986000
8.98 987000
8.977 988000
8.975 989000
7.971 990000
9.033 991000
8.977 992000
8.974 993000
7.977 994000
9.033 995000
8.978 996000
7.978 997000
8.036 998000
8.975 999000
8.975 1000000
7.978 1001000
8.974 1002000
8.976 1003000
7.978 1004000
8.974 1005000
8.976 1006000
9.033 1007000
8.993 1008000
8.977 1009000
8.977 1010000
8.977 1011000
8.977 1012000
8.977 1013000
8.977 1014000
8.978 1015000
8.977 1016000
8.977 1017000
8.977 1018000
8.977 1019000
8.977 1020000
8.977 1021000
8.977 1022000
8.977 1023000
8.977 1024000
8.977 1025000
8.977 1026000
8.977 1027000
8.977 1028000
8.977 1029000
8.977 1030000
8.977 1031000
8.977 1032000
8.977 1033000
8.977 1034000
8.977 1035000
8.977 1036000
8.977 1037000
8.977 1038000
9.975 1039000
8.977 1040000
8.977 1041000
8.977 1042000
8.977 1043000
8.976 1044000
8.977 1045000
8.977 1046000
8.977 1047000
8.977 1048000
8.977 1049000
8.977 1050000
8.977 1051000
8.976 1052000
8.977 1053000
8.977 1054000
9.975 1055000
8.977 1056000
8.977 1057000
8.977 1058000
8.977 1059000
8.976 1060000
8.977 1061000
8.977 1062000
8.977 1063000
8.977 1064000
8.977 1065000
8.977 1066000
8.977 1067000
8.976 1068000
8.977 1069000
8.977 1070000
9.975 1071000
8.977 1072000
8.977 1073000
9.975 1074000
9.973 1075000
9.973 1076000
9.973 1077000
9.973 1078000
9.973 1079000
8.976 1080000
8.976 1081000
9.973 1082000
9.973 1083000
9.973 1084000
9.973 1085000
9.973 1086000
9.973 1087000
9.973 1088000
9.973 1089000
9.973 1090000
9.973 1091000
8.976 1092000
8.976 1093000
8.976 1094000
8.976 1095000
8.976 1096000
8.976 1097000
9.973 1098000
9.975 1099000
9.975 1100000
9.975 1101000
8.976 1102000
8.976 1103000
9.973 1104000
9.973 1105000
8.976 1106000
8.976 1107000
9.975 1108000
9.975 1109000
9.975 1110000
9.973 1111000
8.976 1112000
9.973 1113000
9.975 1114000
9.973 1115000
9.975 1116000
9.976 1117000
9.973 1118000
8.976 1119000
9.973 1120000
9.972 1121000
10.007 1122000
8.976 1123000
9.999 1124000
9.973 1125000
8.971 1126000
10.016 1127000
8.975 1128000
10.03 1129000
9.973 1130000
9.972 1131000
9.977 1132000
9.973 1133000
9.974 1134000
8.975 1135000
9.916 1136000
9.999 1137000
9.972 1138000
10.031 1139000
9.972 1140000
10.016 1141000
9.972 1142000
9.962 1143000
9.972 1144000
9.973 1145000
10.03 1146000
8.975 1147000
9.973 1148000
9.972 1149000
9.972 1150000
10.031 1151000
9.972 1152000
9.973 1153000
10.03 1154000
9.973 1155000
9.972 1156000
9.974 1157000
9.972 1158000
10.03 1159000
9.974 1160000
9.972 1161000
9.972 1162000
9.974 1163000
10.97 1164000
9.973 1165000
9.973 1166000
10.031 1167000
9.948 1168000
9.999 1169000
10.971 1170000
10.913 1171000
10.009 1172000
9.975 1173000
9.972 1174000
9.973 1175000
10.965 1176000
9.973 1177000
9.993 1178000
10.008 1179000
9.971 1180000
9.973 1181000
9.974 1182000
9.972 1183000
10.969 1184000
10.969 1185000
10.996 1186000
10.97 1187000
9.973 1188000
10.967 1189000
10.974 1190000
10.97 1191000
10.969 1192000
10.97 1193000
10.97 1194000
10.971 1195000
10.97 1196000
9.971 1197000
9.972 1198000
9.975 1199000
9.974 1200000
10.97 1201000
10.97 1202000
10.977 1203000
10.965 1204000
10.969 1205000
9.974 1206000
9.974 1207000
10.03 1208000
10.03 1209000
10.974 1210000
10.965 1211000
10.97 1212000
9.973 1213000
9.973 1214000
10.033 1215000
10.97 1216000
10.971 1217000
10.969 1218000
9.974 1219000
11.028 1220000
10.975 1221000
10.965 1222000
9.991 1223000
11.029 1224000
10.969 1225000
10.97 1226000
9.973 1227000
11.024 1228000
10.972 1229000
11.001 1230000
10.971 1231000
9.971 1232000
11.028 1233000
10.97 1234000
9.973 1235000
11.033 1236000
10.965 1237000
9.973 1238000
10.969 1239000
9.974 1240000
11.028 1241000
10.97 1242000
11.028 1243000
10.969 1244000
9.974 1245000
10.97 1246000
9.972 1247000
11.03 1248000
10.969 1249000
11.029 1250000
10.965 1251000
11.013 1252000
10.969 1253000
10.97 1254000
10.97 1255000
10.972 1256000
10.974 1257000
10.966 1258000
11.029 1259000
10.971 1260000
11.968 1261000
10.97 1262000
11.027 1263000
10.97 1264000
10.97 1265000
11.027 1266000
10.97 1267000
10.971 1268000
10.969 1269000
10.997 1270000
10.966 1271000
10.972 1272000
10.97 1273000
10.97 1274000
11.967 1275000
10.969 1276000
11.033 1277000
10.97 1278000
11.968 1279000
10.97 1280000
10.985 1281000
10.97 1282000
10.97 1283000
11.968 1284000
11.967 1285000
10.97 1286000
10.97 1287000
11.027 1288000
11.027 1289000
10.973 1290000
10.97 1291000
11.967 1292000
10.972 1293000
11.91 1294000
11.006 1295000
11.003 1296000
11.027 1297000
10.975 1298000
10.971 1299000
10.993 1300000
10.972 1301000
10.971 1302000
10.971 1303000
10.97 1304000
10.97 1305000
11.968 1306000
10.97 1307000
10.971 1308000
10.914 1309000
11.006 1310000
10.977 1311000
10.972 1312000
10.97 1313000
10.972 1314000
10.971 1315000
10.972 1316000
11.968 1317000
11.97 1318000
11.967 1319000
11.005 1320000
11.929 1321000
12.028 1322000
11.967 1323000
11.967 1324000
11.968 1325000
10.971 1326000
10.97 1327000
12.025 1328000
11.968 1329000
11.967 1330000
10.967 1331000
10.971 1332000
11.027 1333000
11.969 1334000
11.965 1335000
10.974 1336000
11.028 1337000
11.967 1338000
11.967 1339000
10.97 1340000
11.967 1341000
12.005 1342000
10.97 1343000
11.998 1344000
11.993 1345000
10.967 1346000
12.029 1347000
11.963 1348000
10.974 1349000
12.025 1350000
11.968 1351000
10.971 1352000
12.014 1353000
11.968 1354000
11.968 1355000
10.97 1356000
12.016 1357000
11.966 1358000
12.025 1359000
11.967 1360000
12.029 1361000
11.966 1362000
12.025 1363000
11.967 1364000
11.967 1365000
11.967 1366000
12.026 1367000
12.965 1368000
11.966 1369000
12.025 1370000
11.967 1371000
11.986 1372000
10.969 1373000
11.967 1374000
12.989 1375000
12.024 1376000
12.026 1377000
11.969 1378000
11.966 1379000
12.028 1380000
11.965 1381000
11.967 1382000
11.965 1383000
11.969 1384000
11.974 1385000
11.968 1386000
11.967 1387000
11.966 1388000
11.972 1389000
12.961 1390000
11.966 1391000
12.025 1392000
11.968 1393000
11.967 1394000
11.966 1395000
11.966 1396000
11.969 1397000
11.966 1398000
12.966 1399000
11.966 1400000
11.971 1401000
12.027 1402000
11.965 1403000
11.969 1404000
12.965 1405000
11.966 1406000
11.968 1407000
12.002 1408000
12.026 1409000
12.026 1410000
11.967 1411000
11.967 1412000
12.965 1413000
12.965 1414000
12.965 1415000
12.965 1416000
11.968 1417000
11.969 1418000
11.99 1419000
12.966 1420000
11.967 1421000
11.966 1422000
11.966 1423000
11.972 1424000
12.965 1425000
12.965 1426000
12.971 1427000
12.96 1428000
12.965 1429000
11.968 1430000
11.968 1431000
11.966 1432000
11.967 1433000
12.025 1434000
13.021 1435000
12.965 1436000
12.965 1437000
11.966 1438000
11.968 1439000
11.964 1440000
12.025 1441000
12.965 1442000
12.965 1443000
12.964 1444000
11.968 1445000
12.029 1446000
13.014 1447000
12.965 1448000
11.967 1449000
11.966 1450000
13.028 1451000
12.961 1452000
12.964 1453000
11.968 1454000
13.024 1455000
12.963 1456000
12.965 1457000
11.968 1458000
12.996 1459000
12.965 1460000
11.968 1461000
12.965 1462000
13.027 1463000
12.961 1464000
11.966 1465000
12.995 1466000
12.966 1467000
13.023 1468000
12.965 1469000
11.97 1470000
12.962 1471000
12.965 1472000
13.024 1473000
12.906 1474000
13.001 1475000
11.967 1476000
12.998 1477000
12.965 1478000
12.987 1479000
12.963 1480000
13.028 1481000
12.961 1482000
13.024 1483000
12.964 1484000
13.022 1485000
12.966 1486000
13.022 1487000
12.965 1488000
12.965 1489000
12.963 1490000
12.965 1491000
13.024 1492000
12.963 1493000
12.986 1494000
12.934 1495000
13.994 1496000
12.965 1497000
13.022 1498000
12.966 1499000
12.965 1500000
13.023 1501000
12.964 1502000
12.964 1503000
12.965 1504000
12.965 1505000
13.024 1506000
12.965 1507000
13.961 1508000
12.958 1509000
12.965 1510000
13.024 1511000
12.965 1512000
12.966 1513000
13.961 1514000
12.968 1515000
13.022 1516000
12.966 1517000
12.965 1518000
13.963 1519000
12.964 1520000
12.964 1521000
13.022 1522000
12.965 1523000
12.964 1524000
12.964 1525000
13.962 1526000
13.963 1527000
13.961 1528000
12.967 1529000
12.965 1530000
12.965 1531000
12.979 1532000
12.964 1533000
13.027 1534000
13.022 1535000
13.024 1536000
13.023 1537000
12.964 1538000
12.958 1539000
13.024 1540000
13.023 1541000
13.012 1542000
12.986 1543000
12.97 1544000
13.961 1545000
13.964 1546000
13.961 1547000
13.962 1548000
13.962 1549000
12.965 1550000
13.963 1551000
13.961 1552000
13.963 1553000
12.964 1554000
12.965 1555000
13.022 1556000
13.998 1557000
13.962 1558000
13.962 1559000
12.965 1560000
12.965 1561000
13.024 1562000
13.96 1563000
13.963 1564000
13.965 1565000
12.966 1566000
14.019 1567000
13.962 1568000
12.97 1569000
14.02 1570000
12.966 1571000
13.977 1572000
13.961 1573000
13.962 1574000
13.963 1575000
12.966 1576000
14.02 1577000
13.962 1578000
12.965 1579000
14.019 1580000
13.964 1581000
12.965 1582000
14.017 1583000
13.964 1584000
13.965 1585000
13.96 1586000
12.965 1587000
14.004 1588000
13.963 1589000
13.964 1590000
13.962 1591000
13.96 1592000
13.964 1593000
14.004 1594000
14.02 1595000
13.961 1596000
14.021 1597000
13.961 1598000
14.019 1599000
13.963 1600000
13.981 1601000
13.961 1602000
13.963 1603000
13.957 1604000
13.963 1605000
13.962 1606000
13.964 1607000
13.962 1608000
14.02 1609000
13.962 1610000
14.96 1611000
13.961 1612000
13.961 1613000
13.985 1614000
13.962 1615000
13.961 1616000
14.021 1617000
13.962 1618000
14.957 1619000
13.997 1620000
13.987 1621000
13.962 1622000
13.964 1623000
13.959 1624000
13.961 1625000
13.962 1626000
13.964 1627000
13.962 1628000
14.024 1629000
13.964 1630000
14.958 1631000
13.962 1632000
13.961 1633000
14.019 1634000
13.962 1635000
14.96 1636000
13.964 1637000
14.958 1638000
14.96 1639000
14.959 1640000
13.965 1641000
13.96 1642000
14.019 1643000
14.021 1644000
13.985 1645000
13.963 1646000
13.962 1647000
14.96 1648000
14.961 1649000
14.957 1650000
14.96 1651000
14.961 1652000
14.962 1653000
14.956 1654000
14.959 1655000
14.96 1656000
14.96 1657000
13.962 1658000
13.961 1659000
13.962 1660000
14.02 1661000
14.025 1662000
14.02 1663000
14.959 1664000
14.96 1665000
14.96 1666000
14.959 1667000
14.959 1668000
13.964 1669000
13.962 1670000
15.017 1671000
14.96 1672000
14.959 1673000
14.962 1674000
13.964 1675000
14.959 1676000
14.959 1677000
13.961 1678000
13.963 1679000
15.019 1680000
14.962 1681000
14.961 1682000
13.963 1683000
15.018 1684000
14.959 1685000
14.96 1686000
13.962 1687000
14.959 1688000
14.96 1689000
13.964 1690000
14.975 1691000
13.961 1692000
15.005 1693000
14.959 1694000
14.96 1695000
14.959 1696000
13.962 1697000
15.017 1698000
14.961 1699000
13.966 1700000
14.962 1701000
14.96 1702000
14.96 1703000
14.96 1704000
14.962 1705000
14.961 1706000
14.961 1707000
13.962 1708000
14.96 1709000
13.963 1710000
14.96 1711000
14.962 1712000
14.961 1713000
14.961 1714000
13.962 1715000
14.96 1716000
14.96 1717000
14.961 1718000
14.961 1719000
14.961 1720000
14.96 1721000
14.959 1722000
14.96 1723000
16.957 1724000
14.958 1725000
15.957 1726000
15.957 1727000
15.956 1728000
14.958 1729000
14.961 1730000
14.959 1731000
15.958 1732000
15.958 1733000
15.957 1734000
15.955 1735000
15.992 1736000
16.92 1737000
15.957 1738000
15.957 1739000
15.957 1740000
15.956 1741000
15.957 1742000
14.989 1743000
14.96 1744000
14.962 1745000
14.932 1746000
15.959 1747000
17.014 1748000
15.957 1749000
16.897 1750000
15.957 1751000
14.958 1752000
14.96 1753000
15.956 1754000
15.958 1755000
14.96 1756000
15.956 1757000
15.958 1758000
15.982 1759000
15.958 1760000
14.935 1761000
15.957 1762000
15.959 1763000
14.96 1764000
15.956 1765000
15.957 1766000
14.959 1767000
15.958 1768000
15.955 1769000
15.019 1770000
15.899 1771000
15.957 1772000
15.957 1773000
15.017 1774000
15.952 1775000
15.9 1776000
14.961 1777000
15.956 1778000
15.957 1779000
14.961 1780000
15.955 1781000
15.956 1782000
14.959 1783000
15.957 1784000
15.956 1785000
15.955 1786000
15.957 1787000
15.957 1788000
14.96 1789000
15.957 1790000
14.959 1791000
15.956 1792000
14.959 1793000
15.957 1794000
15.957 1795000
15.957 1796000
15.958 1797000
15.956 1798000
15.957 1799000
16.955 1800000
15.956 1801000
15.959 1802000
15.955 1803000
15.957 1804000
15.957 1805000
15.96 1806000
15.957 1807000
15.957 1808000
15.959 1809000
15.957 1810000
15.989 1811000
15.957 1812000
15.957 1813000
15.957 1814000
15.96 1815000
15.985 1816000
15.955 1817000
15.957 1818000
15.961 1819000
16.014 1820000
15.957 1821000
16.014 1822000
15.957 1823000
16.018 1824000
15.957 1825000
15.957 1826000
15.926 1827000
16.986 1828000
15.956 1829000
15.957 1830000
16.014 1831000
16.02 1832000
15.897 1833000
15.99 1834000
16.018 1835000
15.952 1836000
15.956 1837000
15.957 1838000
15.957 1839000
16.015 1840000
16.954 1841000
15.957 1842000
16.014 1843000
15.957 1844000
15.957 1845000
16.015 1846000
15.957 1847000
15.957 1848000
16.015 1849000
15.952 1850000
15.957 1851000
15.957 1852000
15.956 1853000
15.957 1854000
15.957 1855000
16.001 1856000
16.015 1857000
15.957 1858000
16.955 1859000
15.957 1860000
16.015 1861000
15.957 1862000
15.958 1863000
16.953 1864000
15.956 1865000
15.957 1866000
16.958 1867000
16.95 1868000
15.957 1869000
15.999 1870000
16.014 1871000
16.014 1872000
15.952 1873000
15.96 1874000
15.957 1875000
15.985 1876000
15.957 1877000
16.954 1878000
16.954 1879000
15.957 1880000
16.015 1881000
16.014 1882000
16.014 1883000
16.018 1884000
16.014 1885000
16.954 1886000
16.953 1887000
16.959 1888000
16.949 1889000
16.955 1890000
16.953 1891000
16.956 1892000
15.962 1893000
15.958 1894000
15.958 1895000
16.014 1896000
15.963 1897000
16.952 1898000
16.957 1899000
16.953 1900000
17.002 1901000
16.954 1902000
16.954 1903000
15.951 1904000
16.014 1905000
16.954 1906000
16.955 1907000
15.957 1908000
15.958 1909000
16.955 1910000
16.958 1911000
15.957 1912000
15.957 1913000
17.003 1914000
16.954 1915000
15.957 1916000
17.016 1917000
16.893 1918000
16.989 1919000
16.922 1920000
16.99 1921000
16.953 1922000
15.957 1923000
16.988 1924000
16.979 1925000
17.012 1926000
16.955 1927000
15.961 1928000
17.011 1929000
16.955 1930000
16.955 1931000
16.952 1932000
15.957 1933000
16.957 1934000
16.955 1935000
15.957 1936000
17.012 1937000
15.957 1938000
17.014 1939000
16.952 1940000
17.018 1941000
16.948 1942000
17.012 1943000
16.972 1944000
16.953 1945000
16.956 1946000
16.957 1947000
16.952 1948000
16.962 1949000
16.955 1950000
16.955 1951000
17.011 1952000
15.957 1953000
16.956 1954000
16.953 1955000
16.956 1956000
17.012 1957000
16.954 1958000
16.956 1959000
17.011 1960000
16.954 1961000
16.897 1962000
16.986 1963000
16.952 1964000
16.977 1965000
16.954 1966000
16.956 1967000
16.957 1968000
16.954 1969000
16.955 1970000
16.956 1971000
16.956 1972000
16.954 1973000
16.956 1974000
16.954 1975000
16.954 1976000
17.952 1977000
16.954 1978000
16.956 1979000
16.956 1980000
16.954 1981000
16.956 1982000
16.954 1983000
16.955 1984000
17.952 1985000
16.954 1986000
16.956 1987000
16.956 1988000
16.955 1989000
16.956 1990000
16.954 1991000
16.954 1992000
16.957 1993000
16.954 1994000
16.956 1995000
16.956 1996000
16.954 1997000
16.956 1998000
16.954 1999000
16.954 2000000
16.956 2001000
16.954 2002000
16.956 2003000
17.952 2004000
16.954 2005000
16.956 2006000
16.955 2007000
16.956 2008000
16.956 2009000
16.955 2010000
16.956 2011000
16.955 2012000
17.952 2013000
16.956 2014000
17.952 2015000
17.952 2016000
16.956 2017000
17.953 2018000
17.952 2019000
17.954 2020000
17.951 2021000
16.954 2022000
17.954 2023000
17.953 2024000
17.952 2025000
17.953 2026000
17.953 2027000
17.953 2028000
17.952 2029000
17.955 2030000
17.953 2031000
17.953 2032000
17.952 2033000
17.953 2034000
17.953 2035000
17.953 2036000
17.952 2037000
17.953 2038000
17.952 2039000
17.951 2040000
17.952 2041000
17.953 2042000
17.953 2043000
17.952 2044000
17.952 2045000
17.953 2046000
17.953 2047000
17.951 2048000
17.953 2049000
17.953 2050000
17.951 2051000
17.952 2052000
17.953 2053000
17.953 2054000
17.953 2055000
17.952 2056000
17.952 2057000
17.953 2058000
17.953 2059000
17.952 2060000
17.952 2061000
17.953 2062000
17.953 2063000
16.954 2064000
17.953 2065000
17.953 2066000
17.953 2067000
17.952 2068000
17.951 2069000
17.954 2070000
18.951 2071000
17.987 2072000
17.95 2073000
17.952 2074000
17.95 2075000
17.95 2076000
17.979 2077000
17.954 2078000
17.952 2079000
17.952 2080000
17.952 2081000
17.954 2082000
17.955 2083000
17.951 2084000
17.952 2085000
17.954 2086000
17.955 2087000
17.951 2088000
17.952 2089000
17.951 2090000
17.954 2091000
17.952 2092000
17.952 2093000
17.953 2094000
17.952 2095000
17.953 2096000
17.952 2097000
17.952 2098000
17.954 2099000
17.952 2100000
17.953 2101000
17.952 2102000
17.952 2103000
18.951 2104000
17.953 2105000
17.953 2106000
17.953 2107000
18.95 2108000
17.951 2109000
17.954 2110000
17.953 2111000
17.953 2112000
18.949 2113000
18.949 2114000
17.952 2115000
17.954 2116000
17.953 2117000
17.953 2118000
17.953 2119000
17.951 2120000
17.954 2121000
17.953 2122000
17.955 2123000
17.952 2124000
17.954 2125000
17.953 2126000
18.951 2127000
17.953 2128000
18.951 2129000
19.013 2130000
18.945 2131000
18.947 2132000
17.952 2133000
18.009 2134000
18.966 2135000
18.946 2136000
18.949 2137000
18.949 2138000
18.949 2139000
17.956 2140000
18.01 2141000
18.949 2142000
18.949 2143000
17.952 2144000
17.955 2145000
18.948 2146000
18.949 2147000
17.948 2148000
19.006 2149000
18.949 2150000
17.952 2151000
18.948 2152000
18.945 2153000
17.952 2154000
18.976 2155000
19.945 2156000
18.951 2157000
17.946 2158000
18.952 2159000
17.952 2160000
19.008 2161000
18.946 2162000
18.949 2163000
18.949 2164000
18.949 2165000
19.011 2166000
18.944 2167000
17.956 2168000
18.948 2169000
18.953 2170000
18.945 2171000
18.949 2172000
18.949 2173000
18.948 2174000
18.949 2175000
19.007 2176000
18.952 2177000
18.95 2178000
18.978 2179000
18.945 2180000
19.006 2181000
18.949 2182000
18.947 2183000
19.006 2184000
18.949 2185000
18.949 2186000
19.006 2187000
18.949 2188000
18.949 2189000
19.01 2190000
18.949 2191000
18.949 2192000
19.006 2193000
18.948 2194000
18.954 2195000
18.991 2196000
18.954 2197000
18.948 2198000
18.954 2199000
18.948 2200000
19.889 2201000
18.981 2202000
18.949 2203000
18.979 2204000
18.949 2205000
19.972 2206000
18.952 2207000
18.949 2208000
19.01 2209000
18.948 2210000
19.95 2211000
19.942 2212000
19.95 2213000
19.943 2214000
18.949 2215000
18.945 2216000
19.012 2217000
19.008 2218000
19.006 2219000
18.945 2220000
18.949 2221000
18.945 2222000
18.949 2223000
19.947 2224000
19.946 2225000
19.949 2226000
19.945 2227000
19.945 2228000
19.946 2229000
19.007 2230000
19.008 2231000
18.981 2232000
18.948 2233000
18.945 2234000
18.948 2235000
19.942 2236000
19.95 2237000
19.942 2238000
19.95 2239000
19.943 2240000
19.949 2241000
18.948 2242000
18.953 2243000
19.011 2244000
19.936 2245000
19.946 2246000
19.946 2247000
18.949 2248000
18.947 2249000
19.982 2250000
19.949 2251000
18.948 2252000
18.947 2253000
18.975 2254000
19.949 2255000
19.947 2256000
18.946 2257000
19.006 2258000
19.948 2259000
18.948 2260000
19.979 2261000
18.95 2262000
19.942 2263000
18.948 2264000
20.004 2265000
19.889 2266000
18.944 2267000
19.913 2268000
19.982 2269000
19.971 2270000
19.945 2271000
19.948 2272000
18.948 2273000
19.946 2274000
19.946 2275000
20.004 2276000
19.948 2277000
18.95 2278000
19.944 2279000
18.948 2280000
19.962 2281000
18.946 2282000
20.003 2283000
19.95 2284000
20.002 2285000
19.948 2286000
19.967 2287000
19.944 2288000
19.974 2289000
19.976 2290000
18.949 2291000
19.945 2292000
18.948 2293000
19.947 2294000
19.949 2295000
19.944 2296000
19.943 2297000
19.946 2298000
20.004 2299000
19.945 2300000
19.947 2301000
19.949 2302000
19.944 2303000
19.967 2304000
19.946 2305000
20.885 2306000
19.978 2307000
19.98 2308000
19.945 2309000
20.97 2310000
19.945 2311000
19.981 2312000
19.946 2313000
19.946 2314000
19.945 2315000
20.007 2316000
19.944 2317000
20.943 2318000
20.944 2319000
20.945 2320000
19.945 2321000
20.005 2322000
19.943 2323000
19.947 2324000
20.944 2325000
19.945 2326000
20.004 2327000
20.007 2328000
19.946 2329000
20.945 2330000
20.944 2331000
20.944 2332000
19.944 2333000
19.967 2334000
20.005 2335000
19.948 2336000
19.889 2337000
20.006 2338000
19.945 2339000
20.005 2340000
20.005 2341000
19.89 2342000
19.973 2343000
20.004 2344000
19.945 2345000
19.982 2346000
19.981 2347000
21.001 2348000
19.95 2349000
20.943 2350000
20.943 2351000
20.947 2352000
20.94 2353000
20.943 2354000
20.943 2355000
19.943 2356000
19.943 2357000
19.941 2358000
20.913 2359000
20.974 2360000
19.946 2361000
21.001 2362000
19.946 2363000
20.004 2364000
20.946 2365000
20.944 2366000
20.944 2367000
20.945 2368000
20.945 2369000
20.943 2370000
20.945 2371000
20.944 2372000
20.943 2373000
20.946 2374000
20.944 2375000
20.944 2376000
20.946 2377000
19.947 2378000
20.943 2379000
20.946 2380000
20.944 2381000
20.945 2382000
20.944 2383000
19.947 2384000
20.946 2385000
20.943 2386000
19.946 2387000
20.945 2388000
20.945 2389000
20.944 2390000
20.945 2391000
20.945 2392000
20.944 2393000
20.945 2394000
20.944 2395000
20.944 2396000
20.946 2397000
20.944 2398000
20.944 2399000
20.945 2400000
20.944 2401000
20.944 2402000
20.945 2403000
19.946 2404000
20.944 2405000
20.945 2406000
20.944 2407000
20.945 2408000
20.945 2409000
20.944 2410000
20.945 2411000
19.947 2412000
20.944 2413000
20.945 2414000
19.947 2415000
20.946 2416000
20.945 2417000
20.944 2418000
20.946 2419000
20.945 2420000
20.944 2421000
20.945 2422000
20.945 2423000
20.944 2424000
20.945 2425000
20.944 2426000
20.945 2427000
20.945 2428000
20.944 2429000
20.945 2430000
20.944 2431000
20.945 2432000
20.945 2433000
20.944 2434000
20.945 2435000
20.944 2436000
20.945 2437000
20.945 2438000
20.944 2439000
20.945 2440000
20.944 2441000
20.946 2442000
20.945 2443000
20.944 2444000
20.945 2445000
20.944 2446000
20.945 2447000
20.945 2448000
20.944 2449000
20.945 2450000
20.944 2451000
20.947 2452000
21.943 2453000
20.946 2454000
20.947 2455000
20.943 2456000
20.946 2457000
20.944 2458000
20.945 2459000
21.943 2460000
20.945 2461000
21.943 2462000
20.945 2463000
20.945 2464000
21.943 2465000
20.945 2466000
20.944 2467000
20.947 2468000
20.944 2469000
21.943 2470000
21.941 2471000
20.945 2472000
20.944 2473000
21.941 2474000
21.941 2475000
21.943 2476000
21.941 2477000
21.943 2478000
21.941 2479000
20.946 2480000
21.941 2481000
21.943 2482000
21.941 2483000
21.941 2484000
21.941 2485000
21.943 2486000
21.941 2487000
21.943 2488000
21.941 2489000
21.943 2490000
20.944 2491000
21.943 2492000
21.941 2493000
21.941 2494000
20.944 2495000
21.943 2496000
21.941 2497000
21.943 2498000
21.941 2499000
21.943 2500000
21.943 2501000
20.944 2502000
21.943 2503000
21.941 2504000
21.943 2505000
21.941 2506000
21.943 2507000
21.943 2508000
20.944 2509000
21.943 2510000
21.941 2511000
21.943 2512000
21.941 2513000
21.943 2514000
21.942 2515000
21.941 2516000
22.003 2517000
21.959 2518000
21.939 2519000
21.94 2520000
21.998 2521000
21.94 2522000
22.001 2523000
20.943 2524000
21.944 2525000
21.943 2526000
20.944 2527000
21.941 2528000
20.944 2529000
21.943 2530000
20.944 2531000
21.943 2532000
21.941 2533000
21.943 2534000
21.943 2535000
21.941 2536000
22.003 2537000
21.947 2538000
21.935 2539000
21.94 2540000
21.998 2541000
21.883 2542000
21.94 2543000
21.881 2544000
21.975 2545000
21.998 2546000
21.943 2547000
22.937 2548000
21.943 2549000
21.977 2550000
21.94 2551000
21.884 2552000
21.976 2553000
21.974 2554000
21.942 2555000
21.966 2556000
22.937 2557000
22.939 2558000
21.942 2559000
21.941 2560000
21.942 2561000
22.937 2562000
22.938 2563000
21.942 2564000
21.942 2565000
21.937 2566000
21.978 2567000
22.937 2568000
22.943 2569000
21.936 2570000
22.938 2571000
21.942 2572000
21.941 2573000
21.94 2574000
21.94 2575000
21.94 2576000
21.94 2577000
21.939 2578000
21.941 2579000
21.942 2580000
21.941 2581000
21.998 2582000
22 2583000
21.97 2584000
22.932 2585000
22.938 2586000
22.938 2587000
21.884 2588000
22.938 2589000
22.939 2590000
21.941 2591000
21.999 2592000
22.938 2593000
21.947 2594000
21.936 2595000
22.983 2596000
22.944 2597000
21.999 2598000
22.938 2599000
22.938 2600000
21.884 2601000
22.974 2602000
22.939 2603000
21.96 2604000
21.941 2605000
22.976 2606000
22.938 2607000
21.941 2608000
22.942 2609000
22.938 2610000
21.941 2611000
22.881 2612000
22.999 2613000
21.939 2614000
22.995 2615000
22.941 2616000
21.94 2617000
22.935 2618000
23.936 2619000
21.94 2620000
22.996 2621000
23.003 2622000
22.934 2623000
22.934 2624000
21.941 2625000
22.938 2626000
21.946 2627000
22.938 2628000
22.938 2629000
22.939 2630000
22.938 2631000
22.938 2632000
22.937 2633000
22.999 2634000
22.934 2635000
22.995 2636000
21.938 2637000
22.939 2638000
22.94 2639000
22.937 2640000
22.996 2641000
22.938 2642000
22.997 2643000
22.936 2644000
22.936 2645000
22.992 2646000
22.938 2647000
22.939 2648000
23.935 2649000
22.939 2650000
22.985 2651000
23.977 2652000
23.001 2653000
22.935 2654000
23.877 2655000
22.999 2656000
22.94 2657000
22.996 2658000
22.939 2659000
22.939 2660000
22.949 2661000
22.937 2662000
22.939 2663000
22.938 2664000
22.939 2665000
22.995 2666000
22.937 2667000
22.937 2668000
23.936 2669000
22.939 2670000
22.938 2671000
22.976 2672000
22.927 2673000
22.973 2674000
23.975 2675000
23.93 2676000
22.937 2677000
22.965 2678000
22.996 2679000
22.939 2680000
22.939 2681000
22.939 2682000
22.94 2683000
22.939 2684000
23.937 2685000
22.939 2686000
22.905 2687000
22.975 2688000
22.966 2689000
22.97 2690000
22.997 2691000
22.968 2692000
22.939 2693000
22.938 2694000
23.935 2695000
23.936 2696000
23.936 2697000
23.936 2698000
23.935 2699000
23.936 2700000
23.935 2701000
23.935 2702000
23.936 2703000
22.939 2704000
24.954 2705000
23.936 2706000
23.959 2707000
23.936 2708000
22.938 2709000
22.938 2710000
23.948 2711000
23.936 2712000
23.996 2713000
23.993 2714000
22.935 2715000
23.935 2716000
23.875 2717000
23.972 2718000
23.936 2719000
22.962 2720000
23.994 2721000
23.935 2722000
22.939 2723000
23.994 2724000
23.935 2725000
23.962 2726000
23.936 2727000
23.935 2728000
23.937 2729000
22.936 2730000
23.934 2731000
23.941 2732000
23.994 2733000
23.941 2734000
22.937 2735000
23.993 2736000
22.938 2737000
23.954 2738000
23.935 2739000
23.936 2740000
23.935 2741000
22.938 2742000
23.936 2743000
22.937 2744000
23.95 2745000
24.909 2746000
23.957 2747000
23.981 2748000
23.935 2749000
23.928 2750000
24.935 2751000
24.906 2752000
23.938 2753000
23.935 2754000
23.995 2755000
23.936 2756000
23.935 2757000
23.993 2758000
23.934 2759000
23.974 2760000
23.937 2761000
23.935 2762000
23.969 2763000
23.934 2764000
23.961 2765000
23.998 2766000
23.931 2767000
23.936 2768000
23.938 2769000
23.937 2770000
23.937 2771000
23.937 2772000
23.938 2773000
23.936 2774000
24.935 2775000
23.935 2776000
23.937 2777000
23.937 2778000
23.937 2779000
23.937 2780000
23.936 2781000
23.937 2782000
23.937 2783000
23.937 2784000
23.937 2785000
23.937 2786000
23.939 2787000
23.935 2788000
23.938 2789000
23.937 2790000
23.937 2791000
23.938 2792000
23.937 2793000
24.935 2794000
24.933 2795000
24.933 2796000
23.936 2797000
23.936 2798000
24.933 2799000
24.933 2800000
23.936 2801000
23.936 2802000
23.936 2803000
23.936 2804000
23.936 2805000
23.936 2806000
23.936 2807000
23.936 2808000
23.936 2809000
23.936 2810000
23.936 2811000
23.936 2812000
23.936 2813000
23.936 2814000
23.936 2815000
23.936 2816000
24.931 2817000
24.933 2818000
24.933 2819000
24.933 2820000
24.933 2821000
24.933 2822000
24.933 2823000
24.932 2824000
24.933 2825000
23.936 2826000
24.936 2827000
24.935 2828000
24.935 2829000
24.933 2830000
24.933 2831000
23.936 2832000
23.936 2833000
23.936 2834000
24.933 2835000
24.933 2836000
24.933 2837000
24.933 2838000
24.935 2839000
24.935 2840000
24.935 2841000
24.933 2842000
23.936 2843000
23.936 2844000
24.933 2845000
24.933 2846000
24.933 2847000
24.935 2848000
24.935 2849000
24.935 2850000
23.936 2851000
23.936 2852000
24.932 2853000
24.933 2854000
23.936 2855000
24.935 2856000
24.933 2857000
24.935 2858000
24.933 2859000
24.935 2860000
23.936 2861000
24.933 2862000
24.933 2863000
24.933 2864000
24.933 2865000
24.935 2866000
24.935 2867000
24.935 2868000
23.937 2869000
24.933 2870000
23.936 2871000
24.933 2872000
24.934 2873000
24.933 2874000
24.935 2875000
24.933 2876000
24.933 2877000
24.933 2878000
24.935 2879000
24.935 2880000
24.933 2881000
24.933 2882000
24.934 2883000
24.933 2884000
24.935 2885000
24.935 2886000
24.936 2887000
24.933 2888000
24.933 2889000
24.935 2890000
25.932 2891000
24.933 2892000
24.933 2893000
24.933 2894000
24.933 2895000
25.932 2896000
24.935 2897000
24.933 2898000
25.93 2899000
24.935 2900000
24.935 2901000
24.935 2902000
24.933 2903000
24.933 2904000
24.935 2905000
24.935 2906000
24.935 2907000
24.933 2908000
24.933 2909000
24.935 2910000
24.935 2911000
24.933 2912000
24.932 2913000
24.933 2914000
24.933 2915000
24.935 2916000
24.935 2917000
24.933 2918000
25.93 2919000
24.935 2920000
24.933 2921000
24.933 2922000
24.933 2923000
24.935 2924000
24.936 2925000
24.935 2926000
24.933 2927000
25.93 2928000
25.93 2929000
25.932 2930000
25.93 2931000
24.935 2932000
24.935 2933000
25.931 2934000
25.93 2935000
25.93 2936000
25.932 2937000
25.93 2938000
25.93 2939000
24.935 2940000
25.931 2941000
25.93 2942000
25.93 2943000
25.934 2944000
25.932 2945000
25.931 2946000
25.933 2947000
25.932 2948000
25.93 2949000
25.932 2950000
25.932 2951000
25.93 2952000
25.932 2953000
25.93 2954000
24.933 2955000
25.932 2956000
25.932 2957000
25.93 2958000
25.932 2959000
25.932 2960000
25.93 2961000
25.932 2962000
25.932 2963000
25.93 2964000
25.932 2965000
26.927 2966000
25.933 2967000
25.933 2968000
24.933 2969000
25.933 2970000
24.933 2971000
25.931 2972000
25.934 2973000
25.93 2974000
25.932 2975000
25.931 2976000
25.932 2977000
25.932 2978000
24.933 2979000
25.932 2980000
25.932 2981000
24.933 2982000
25.934 2983000
25.932 2984000
24.933 2985000
25.932 2986000
24.933 2987000
25.931 2988000
26.929 2989000
25.93 2990000
25.933 2991000
25.93 2992000
25.931 2993000
25.932 2994000
25.931 2995000
25.93 2996000
25.932 2997000
25.931 2998000
25.93 2999000
25.933 3000000
25.93 3001000
25.932 3002000
25.932 3003000
25.931 3004000
25.932 3005000
25.93 3006000
25.932 3007000
25.932 3008000
25.931 3009000
25.932 3010000
25.931 3011000
26.93 3012000
25.93 3013000
25.93 3014000
25.932 3015000
25.931 3016000
25.932 3017000
25.932 3018000
25.931 3019000
25.932 3020000
25.931 3021000
26.931 3022000
26.928 3023000
25.932 3024000
25.932 3025000
25.931 3026000
25.933 3027000
26.926 3028000
25.932 3029000
25.93 3030000
25.933 3031000
25.933 3032000
25.93 3033000
25.933 3034000
26.928 3035000
25.932 3036000
25.93 3037000
25.99 3038000
25.93 3039000
26.927 3040000
26.927 3041000
26.929 3042000
25.93 3043000
25.93 3044000
25.929 3045000
26.93 3046000
25.932 3047000
26.927 3048000
26.929 3049000
26.928 3050000
25.933 3051000
26.93 3052000
26.929 3053000
26.928 3054000
26.927 3055000
26.93 3056000
25.932 3057000
25.931 3058000
26.929 3059000
26.929 3060000
26.927 3061000
26.928 3062000
26.928 3063000
26.93 3064000
26.927 3065000
26.929 3066000
26.928 3067000
26.93 3068000
26.929 3069000
25.93 3070000
26.929 3071000
26.929 3072000
26.927 3073000
26.96 3074000
26.928 3075000
27.927 3076000
26.927 3077000
26.985 3078000
26.928 3079000
26.986 3080000
26.928 3081000
26.927 3082000
25.932 3083000
26.927 3084000
25.933 3085000
26.943 3086000
25.931 3087000
26.985 3088000
26.927 3089000
26.978 3090000
26.928 3091000
26.987 3092000
26.927 3093000
26.985 3094000
25.951 3095000
26.985 3096000
25.93 3097000
26.927 3098000
26.87 3099000
27.982 3100000
26.927 3101000
27.924 3102000
26.927 3103000
25.932 3104000
26.929 3105000
26.985 3106000
27.927 3107000
26.927 3108000
26.985 3109000
26.927 3110000
30.859 3111000
29.919 3112000
28.922 3113000
27.925 3114000
27.926 3115000
27.924 3116000
26.928 3117000
27.925 3118000
27.924 3119000
27.925 3120000
26.901 3121000
27.925 3122000
27.925 3123000
27.926 3124000
27.925 3125000
27.925 3126000
26.927 3127000
27.925 3128000
27.925 3129000
26.928 3130000
27.925 3131000
27.925 3132000
26.928 3133000
26.928 3134000
27.925 3135000
27.925 3136000
28.922 3137000
28.923 3138000
27.925 3139000
27.924 3140000
27.925 3141000
27.925 3142000
27.925 3143000
27.925 3144000
26.927 3145000
27.926 3146000
26.928 3147000
27.925 3148000
28.922 3149000
27.927 3150000
27.923 3151000
27.926 3152000
28.922 3153000
26.933 3154000
27.926 3155000
27.896 3156000
27.925 3157000
26.93 3158000
26.929 3159000
26.928 3160000
26.929 3161000
26.93 3162000
26.928 3163000
26.93 3164000
26.929 3165000
27.927 3166000
27.927 3167000
27.927 3168000
27.925 3169000
27.927 3170000
27.925 3171000
27.925 3172000
26.928 3173000
27.927 3174000
27.927 3175000
27.925 3176000
27.927 3177000
27.927 3178000
27.927 3179000
27.925 3180000
27.927 3181000
27.927 3182000
27.927 3183000
26.928 3184000
27.928 3185000
27.927 3186000
27.925 3187000
27.926 3188000
27.927 3189000
27.927 3190000
27.927 3191000
27.925 3192000
27.927 3193000
27.927 3194000
27.927 3195000
27.925 3196000
27.927 3197000
26.928 3198000
27.925 3199000
26.928 3200000
27.927 3201000
27.927 3202000
26.928 3203000
27.927 3204000
27.927 3205000
27.927 3206000
27.925 3207000
27.927 3208000
27.927 3209000
27.926 3210000
27.926 3211000
27.925 3212000
27.927 3213000
27.927 3214000
27.926 3215000
27.925 3216000
27.926 3217000
27.927 3218000
26.928 3219000
27.927 3220000
27.925 3221000
27.927 3222000
27.927 3223000
27.927 3224000
26.928 3225000
27.926 3226000
27.927 3227000
27.927 3228000
27.925 3229000
27.925 3230000
28.924 3231000
28.924 3232000
27.927 3233000
27.927 3234000
27.926 3235000
27.925 3236000
27.927 3237000
27.928 3238000
27.927 3239000
27.925 3240000
27.925 3241000
27.927 3242000
27.925 3243000
27.927 3244000
27.925 3245000
27.925 3246000
27.927 3247000
27.927 3248000
27.925 3249000
27.925 3250000
28.922 3251000
28.924 3252000
27.927 3253000
27.927 3254000
27.927 3255000
27.925 3256000
27.925 3257000
27.96 3258000
27.957 3259000
27.958 3260000
27.926 3261000
27.959 3262000
27.957 3263000
27.949 3264000
27.925 3265000
27.982 3266000
27.926 3267000
27.926 3268000
27.984 3269000
27.982 3270000
27.924 3271000
27.923 3272000
28.923 3273000
27.924 3274000
27.924 3275000
28.977 3276000
28.925 3277000
28.96 3278000
28.921 3279000
28.888 3280000
28.958 3281000
28.922 3282000
28.922 3283000
28.948 3284000
27.926 3285000
27.982 3286000
28.922 3287000
28.921 3288000
28.923 3289000
28.923 3290000
28.921 3291000
28.923 3292000
28.923 3293000
28.922 3294000
28.923 3295000
27.926 3296000
27.982 3297000
29.918 3298000
28.957 3299000
28.949 3300000
27.926 3301000
28.976 3302000
29.038 3303000
28.922 3304000
27.925 3305000
28.964 3306000
28.923 3307000
28.922 3308000
28.922 3309000
28.979 3310000
28.918 3311000
28.922 3312000
28.928 3313000
28.917 3314000
28.923 3315000
28.922 3316000
27.92 3317000
28.937 3318000
28.923 3319000
28.983 3320000
27.923 3321000
28.947 3322000
28.922 3323000
28.922 3324000
28.922 3325000
29.924 3326000
28.917 3327000
28.922 3328000
28.957 3329000
28.922 3330000
28.922 3331000
28.945 3332000
28.921 3333000
28.947 3334000
28.927 3335000
29.914 3336000
28.922 3337000
28.922 3338000
28.922 3339000
28.922 3340000
28.923 3341000
28.981 3342000
28.923 3343000
28.96 3344000
29.884 3345000
28.979 3346000
28.923 3347000
28.866 3348000
28.958 3349000
28.921 3350000
28.921 3351000
29.949 3352000
29.916 3353000
28.922 3354000
28.96 3355000
28.922 3356000
28.957 3357000
28.98 3358000
28.922 3359000
28.923 3360000
29.919 3361000
28.923 3362000
28.927 3363000
28.96 3364000
28.979 3365000
28.98 3366000
28.95 3367000
28.923 3368000
29.919 3369000
29.92 3370000
28.979 3371000
28.98 3372000
28.98 3373000
28.98 3374000
28.984 3375000
29.919 3376000
29.92 3377000
28.979 3378000
28.925 3379000
28.924 3380000
29.919 3381000
29.92 3382000
29.919 3383000
29.92 3384000
29.92 3385000
29.92 3386000
29.92 3387000
29.92 3388000
29.92 3389000
29.92 3390000
29.92 3391000
28.923 3392000
28.923 3393000
28.923 3394000
28.922 3395000
28.922 3396000
29.92 3397000
29.92 3398000
29.985 3399000
29.914 3400000
29.919 3401000
28.922 3402000
29.981 3403000
29.916 3404000
29.921 3405000
28.945 3406000
29.977 3407000
29.919 3408000
29.924 3409000
28.922 3410000
29.977 3411000
29.923 3412000
28.922 3413000
29.947 3414000
29.92 3415000
28.922 3416000
29.981 3417000
28.98 3418000
29.917 3419000
29.955 3420000
29.949 3421000
29.92 3422000
29.919 3423000
28.924 3424000
29.92 3425000
28.922 3426000
29.918 3427000
29.922 3428000
29.954 3429000
28.92 3430000
29.951 3431000
29.92 3432000
29.917 3433000
29.921 3434000
29.946 3435000
29.918 3436000
29.862 3437000
29.987 3438000
28.866 3439000
29.953 3440000
28.922 3441000
29.918 3442000
29.919 3443000
29.977 3444000
29.922 3445000
30.911 3446000
29.978 3447000
29.919 3448000
29.921 3449000
29.977 3450000
29.922 3451000
29.863 3452000
29.98 3453000
29.916 3454000
29.858 3455000
29.956 3456000
29.944 3457000
29.978 3458000
29.919 3459000
30.859 3460000
29.954 3461000
29.945 3462000
30.917 3463000
29.919 3464000
29.977 3465000
29.92 3466000
30.918 3467000
29.919 3468000
29.977 3469000
29.977 3470000
29.917 3471000
29.915 3472000
29.92 3473000
29.923 3474000
29.977 3475000
29.977 3476000
29.919 3477000
29.922 3478000
29.921 3479000
29.921 3480000
29.921 3481000
29.92 3482000
29.92 3483000
29.921 3484000
29.921 3485000
29.923 3486000
29.919 3487000
29.919 3488000
29.922 3489000
29.921 3490000
29.921 3491000
29.92 3492000
29.92 3493000
31.918 3494000
29.919 3495000
30.919 3496000
29.921 3497000
29.92 3498000
29.92 3499000
29.92 3500000
29.921 3501000
29.921 3502000
29.92 3503000
30.919 3504000
29.921 3505000
29.921 3506000
29.921 3507000
30.917 3508000
30.917 3509000
30.919 3510000
30.917 3511000
29.92 3512000
30.919 3513000
30.919 3514000
30.917 3515000
30.919 3516000
30.919 3517000
30.917 3518000
30.919 3519000
30.919 3520000
30.917 3521000
30.919 3522000
30.919 3523000
30.917 3524000
30.92 3525000
30.917 3526000
30.916 3527000
29.918 3528000
30.92 3529000
30.917 3530000
30.917 3531000
30.919 3532000
30.917 3533000
30.917 3534000
31.972 3535000
29.924 3536000
30.921 3537000
29.919 3538000
30.975 3539000
30.919 3540000
30.977 3541000
30.914 3542000
30.975 3543000
30.977 3544000
29.946 3545000
30.943 3546000
29.942 3547000
30.975 3548000
30.918 3549000
30.976 3550000
30.919 3551000
32.91 3552000
29.918 3553000
30.92 3554000
30.919 3555000
30.918 3556000
30.916 3557000
30.915 3558000
31.857 3559000
30.952 3560000
30.915 3561000
30.917 3562000
30.976 3563000
30.919 3564000
30.915 3565000
30.915 3566000
30.917 3567000
30.919 3568000
30.918 3569000
30.919 3570000
30.944 3571000
30.951 3572000
30.918 3573000
30.977 3574000
30.92 3575000
30.952 3576000
30.916 3577000
30.92 3578000
30.92 3579000
30.916 3580000
30.92 3581000
30.952 3582000
30.946 3583000
30.916 3584000
30.92 3585000
31.91 3586000
30.917 3587000
30.917 3588000
30.917 3589000
30.952 3590000
30.974 3591000
30.916 3592000
31.964 3593000
31.914 3594000
30.917 3595000
30.916 3596000
31.914 3597000
30.975 3598000
30.917 3599000
30.933 3600000
30.916 3601000
31.914 3602000
31.914 3603000
30.918 3604000
30.912 3605000
31.914 3606000
31.915 3607000
31.911 3608000
30.952 3609000
30.926 3610000
30.974 3611000
31.915 3612000
30.912 3613000
30.916 3614000
30.916 3615000
31.919 3616000
31.909 3617000
31.914 3618000
30.918 3619000
30.975 3620000
30.963 3621000
31.913 3622000
31.915 3623000
31.913 3624000
30.917 3625000
30.918 3626000
30.974 3627000
31.944 3628000
31.914 3629000
31.917 3630000
31.911 3631000
31.914 3632000
31.914 3633000
31.914 3634000
31.915 3635000
30.915 3636000
31.914 3637000
31.913 3638000
30.919 3639000
31.917 3640000
31.912 3641000
30.917 3642000
31.917 3643000
31.916 3644000
31.914 3645000
31.916 3646000
31.915 3647000
31.918 3648000
31.914 3649000
31.916 3650000
30.917 3651000
31.916 3652000
31.914 3653000
30.918 3654000
31.915 3655000
31.916 3656000
31.914 3657000
31.916 3658000
31.914 3659000
31.916 3660000
31.914 3661000
31.916 3662000
31.914 3663000
31.917 3664000
30.917 3665000
31.916 3666000
32.912 3667000
31.914 3668000
31.914 3669000
31.916 3670000
31.916 3671000
30.917 3672000
31.916 3673000
31.914 3674000
31.916 3675000
31.914 3676000
31.916 3677000
30.917 3678000
31.916 3679000
30.917 3680000
31.916 3681000
31.915 3682000
31.917 3683000
30.917 3684000
31.916 3685000
30.917 3686000
31.916 3687000
31.916 3688000
31.915 3689000
31.916 3690000
31.914 3691000
31.916 3692000
31.916 3693000
31.915 3694000
31.914 3695000
31.915 3696000
31.916 3697000
31.916 3698000
31.915 3699000
31.917 3700000
31.915 3701000
31.916 3702000
31.916 3703000
31.914 3704000
31.916 3705000
31.914 3706000
32.913 3707000
32.912 3708000
31.914 3709000
31.916 3710000
31.916 3711000
31.915 3712000
31.914 3713000
31.916 3714000
32.912 3715000
32.912 3716000
31.917 3717000
31.916 3718000
31.915 3719000
31.916 3720000
31.916 3721000
31.915 3722000
31.916 3723000
31.914 3724000
32.913 3725000
31.916 3726000
31.915 3727000
31.916 3728000
31.916 3729000
31.915 3730000
31.916 3731000
31.915 3732000
31.916 3733000
31.914 3734000
31.915 3735000
31.916 3736000
31.914 3737000
32.914 3738000
32.915 3739000
31.916 3740000
32.912 3741000
31.916 3742000
31.916 3743000
32.912 3744000
31.916 3745000
31.917 3746000
31.916 3747000
32.912 3748000
31.916 3749000
32.912 3750000
32.912 3751000
32.914 3752000
32.972 3753000
33.906 3754000
32.914 3755000
31.914 3756000
32.969 3757000
32.969 3758000
32.971 3759000
33.905 3760000
32.915 3761000
33.912 3762000
32.97 3763000
32.968 3764000
32.974 3765000
32.908 3766000
32.97 3767000
32.91 3768000
33.852 3769000
32.972 3770000
31.914 3771000
32.909 3772000
31.919 3773000
32.909 3774000
31.914 3775000
32.908 3776000
32.914 3777000
31.914 3778000
32.907 3779000
32.973 3780000
32.914 3781000
32.912 3782000
32.914 3783000
32.969 3784000
32.913 3785000
32.95 3786000
31.915 3787000
32.912 3788000
32.915 3789000
32.91 3790000
32.972 3791000
32.909 3792000
32.914 3793000
32.912 3794000
32.913 3795000
32.972 3796000
32.912 3797000
32.913 3798000
32.969 3799000
32.91 3800000
32.915 3801000
32.973 3802000
32.909 3803000
32.912 3804000
32.906 3805000
32.909 3806000
32.914 3807000
32.909 3808000
32.97 3809000
32.914 3810000
33.906 3811000
32.914 3812000
32.969 3813000
32.91 3814000
32.909 3815000
33.911 3816000
32.977 3817000
33.954 3818000
33.914 3819000
33.907 3820000
33.852 3821000
32.975 3822000
32.969 3823000
32.969 3824000
32.969 3825000
32.912 3826000
32.945 3827000
32.944 3828000
32.944 3829000
32.972 3830000
32.912 3831000
32.946 3832000
32.912 3833000
33.967 3834000
33.852 3835000
32.937 3836000
32.909 3837000
32.907 3838000
32.914 3839000
32.912 3840000
32.909 3841000
32.969 3842000
32.906 3843000
32.854 3844000
33.97 3845000
33.905 3846000
33.853 3847000
33.944 3848000
33.912 3849000
33.906 3850000
33.91 3851000
33.935 3852000
33.907 3853000
33.91 3854000
32.911 3855000
32.912 3856000
33.909 3857000
33.91 3858000
32.912 3859000
33.966 3860000
33.909 3861000
33.909 3862000
32.912 3863000
32.908 3864000
33.968 3865000
33.907 3866000
33.851 3867000
33.945 3868000
33.908 3869000
33.932 3870000
33.909 3871000
32.913 3872000
33.966 3873000
33.911 3874000
33.91 3875000
33.91 3876000
33.957 3877000
33.915 3878000
33.968 3879000
33.85 3880000
33.943 3881000
33.91 3882000
33.909 3883000
33.909 3884000
32.919 3885000
33.929 3886000
32.912 3887000
34.932 3888000
33.911 3889000
33.909 3890000
33.91 3891000
32.909 3892000
33.907 3893000
33.852 3894000
33.965 3895000
33.907 3896000
34.908 3897000
33.908 3898000
33.908 3899000
33.912 3900000
33.969 3901000
32.853 3902000
33.94 3903000
33.966 3904000
33.909 3905000
34.902 3906000
33.91 3907000
33.909 3908000
33.968 3909000
34.906 3910000
33.911 3911000
33.965 3912000
33.91 3913000
33.907 3914000
33.966 3915000
33.909 3916000
33.968 3917000
33.908 3918000
33.909 3919000
33.91 3920000
33.909 3921000
33.966 3922000
33.909 3923000
33.907 3924000
34.906 3925000
33.909 3926000
33.967 3927000
33.966 3928000
33.908 3929000
34.908 3930000
33.908 3931000
33.944 3932000
34.936 3933000
34.906 3934000
34.911 3935000
34.902 3936000
34.904 3937000
33.909 3938000
33.85 3939000
34.942 3940000
33.91 3941000
33.935 3942000
34.906 3943000
34.849 3944000
33.969 3945000
33.97 3946000
33.961 3947000
33.943 3948000
33.969 3949000
33.966 3950000
33.966 3951000
33.909 3952000
33.97 3953000
33.908 3954000
33.909 3955000
34.906 3956000
34.908 3957000
34.905 3958000
33.967 3959000
33.91 3960000
33.968 3961000
33.904 3962000
34.883 3963000
33.932 3964000
34.963 3965000
34.906 3966000
33.908 3967000
33.911 3968000
33.966 3969000
34.902 3970000
34.91 3971000
34.911 3972000
33.912 3973000
33.967 3974000
34.924 3975000
33.905 3976000
34.963 3977000
34.906 3978000
34.907 3979000
33.906 3980000
33.965 3981000
34.905 3982000
34.906 3983000
33.909 3984000
33.966 3985000
34.903 3986000
33.908 3987000
34.963 3988000
34.907 3989000
34.906 3990000
34.906 3991000
34.948 3992000
34.906 3993000
34.906 3994000
33.908 3995000
34.907 3996000
33.909 3997000
34.909 3998000
34.906 3999000
34.964 4000000
34.906 4001000
34.903 4002000
34.907 4003000
34.967 4004000
34.902 4005000
34.928 4006000
33.905 4007000
34.962 4008000
35.901 4009000
34.907 4010000
34.903 4011000
33.909 4012000
34.905 4013000
34.905 4014000
34.906 4015000
34.963 4016000
34.907 4017000
34.906 4018000
34.909 4019000
34.906 4020000
34.905 4021000
34.903 4022000
34.906 4023000
34.906 4024000
34.906 4025000
35.908 4026000
34.905 4027000
34.963 4028000
34.902 4029000
34.85 4030000
34.968 4031000
34.964 4032000
34.908 4033000
34.905 4034000
34.946 4035000
34.905 4036000
34.906 4037000
34.931 4038000
34.907 4039000
34.908 4040000
34.907 4041000
34.906 4042000
34.907 4043000
34.908 4044000
34.908 4045000
34.907 4046000
34.906 4047000
34.906 4048000
35.906 4049000
34.909 4050000
34.906 4051000
34.906 4052000
34.906 4053000
36.903 4054000
36.906 4055000
35.903 4056000
35.903 4057000
35.907 4058000
35.904 4059000
36.901 4060000
35.903 4061000
35.903 4062000
35.903 4063000
35.904 4064000
35.903 4065000
35.904 4066000
34.905 4067000
35.904 4068000
36.903 4069000
35.904 4070000
35.905 4071000
35.933 4072000
35.874 4073000
35.905 4074000
36.9 4075000
35.903 4076000
35.903 4077000
35.904 4078000
36.901 4079000
35.904 4080000
35.903 4081000
35.903 4082000
35.904 4083000
36.949 4084000
37.898 4085000
35.904 4086000
35.904 4087000
35.905 4088000
35.905 4089000
36.893 4090000
36.9 4091000
36.902 4092000
35.904 4093000
35.906 4094000
35.904 4095000
34.907 4096000
35.906 4097000
35.903 4098000
35.904 4099000
34.907 4100000
35.906 4101000
35.906 4102000
34.906 4103000
35.906 4104000
35.905 4105000
35.904 4106000
35.906 4107000
35.905 4108000
35.904 4109000
35.907 4110000
34.906 4111000
35.904 4112000
35.906 4113000
35.904 4114000
34.906 4115000
35.906 4116000
35.905 4117000
34.906 4118000
35.906 4119000
35.904 4120000
35.907 4121000
35.906 4122000
35.904 4123000
35.906 4124000
35.904 4125000
35.904 4126000
35.905 4127000
36.063 4128000
35.941 4129000
35.928 4130000
35.905 4131000
35.965 4132000
35.905 4133000
35.901 4134000
35.961 4135000
35.907 4136000
35.902 4137000
36.898 4138000
35.906 4139000
35.958 4140000
35.966 4141000
35.904 4142000
35.906 4143000
35.905 4144000
35.901 4145000
35.961 4146000
35.962 4147000
35.906 4148000
36.901 4149000
36.906 4150000
35.896 4151000
35.961 4152000
35.903 4153000
35.904 4154000
36.902 4155000
35.904 4156000
35.901 4157000
36.902 4158000
35.905 4159000
36.901 4160000
36.902 4161000
35.906 4162000
35.904 4163000
35.904 4164000
35.905 4165000
35.904 4166000
35.905 4167000
35.905 4168000
35.904 4169000
35.907 4170000
35.904 4171000
35.906 4172000
35.905 4173000
35.904 4174000
35.905 4175000
35.904 4176000
36.903 4177000
36.902 4178000
35.907 4179000
35.903 4180000
35.903 4181000
35.906 4182000
35.904 4183000
35.907 4184000
35.906 4185000
35.904 4186000
35.907 4187000
35.903 4188000
35.906 4189000
35.904 4190000
35.904 4191000
35.905 4192000
36.901 4193000
36.901 4194000
36.901 4195000
36.904 4196000
35.903 4197000
35.906 4198000
35.905 4199000
36.901 4200000
35.907 4201000
35.903 4202000
36.903 4203000
36.901 4204000
36.901 4205000
36.903 4206000
36.961 4207000
36.901 4208000
36.9 4209000
37.899 4210000
36.901 4211000
35.846 4212000
36.901 4213000
36.921 4214000
36.958 4215000
36.901 4216000
35.9 4217000
36.904 4218000
35.906 4219000
36.959 4220000
36.901 4221000
35.847 4222000
36.958 4223000
36.901 4224000
36.962 4225000
37.898 4226000
36.897 4227000
35.847 4228000
36.961 4229000
35.904 4230000
36.962 4231000
36.897 4232000
36.958 4233000
36.901 4234000
36.906 4235000
36.893 4236000
36.902 4237000
37.9 4238000
36.898 4239000
36.959 4240000
37.898 4241000
37.901 4242000
36.84 4243000
36.961 4244000
36.902 4245000
36.901 4246000
36.959 4247000
35.905 4248000
36.904 4249000
36.841 4250000
36.905 4251000
37.922 4252000
36.901 4253000
36.9 4254000
37.955 4255000
36.901 4256000
36.953 4257000
36.901 4258000
36.902 4259000
36.898 4260000
37.9 4261000
37.897 4262000
37.898 4263000
36.898 4264000
36.901 4265000
36.902 4266000
36.96 4267000
36.9 4268000
36.901 4269000
37.901 4270000
36.901 4271000
36.901 4272000
37.867 4273000
37.932 4274000
36.899 4275000
36.902 4276000
36.901 4277000
36.902 4278000
37.897 4279000
37.902 4280000
38.892 4281000
37.899 4282000
37.896 4283000
37.895 4284000
36.901 4285000
36.901 4286000
36.902 4287000
36.898 4288000
36.868 4289000
36.9 4290000
36.961 4291000
37.899 4292000
37.84 4293000
36.961 4294000
36.904 4295000
37.902 4296000
37.895 4297000
37.875 4298000
36.926 4299000
36.904 4300000
38.956 4301000
36.958 4302000
36.901 4303000
36.958 4304000
36.92 4305000
37.898 4306000
36.898 4307000
36.901 4308000
36.959 4309000
36.961 4310000
37.894 4311000
37.841 4312000
36.931 4313000
36.904 4314000
37.955 4315000
36.901 4316000
37.856 4317000
37.936 4318000
37.895 4319000
36.927 4320000
37.897 4321000
38.896 4322000
37.898 4323000
37.842 4324000
37.9 4325000
37.9 4326000
37.898 4327000
37.901 4328000
37.9 4329000
37.898 4330000
37.9 4331000
37.9 4332000
37.9 4333000
37.898 4334000
37.9 4335000
37.898 4336000
36.901 4337000
38.897 4338000
37.9 4339000
37.9 4340000
37.901 4341000
37.898 4342000
37.9 4343000
37.9 4344000
37.898 4345000
36.901 4346000
37.901 4347000
37.901 4348000
37.898 4349000
37.898 4350000
37.9 4351000
37.9 4352000
37.9 4353000
37.9 4354000
37.9 4355000
37.898 4356000
37.9 4357000
37.9 4358000
37.9 4359000
37.898 4360000
37.9 4361000
37.898 4362000
37.899 4363000
37.898 4364000
37.9 4365000
37.9 4366000
36.901 4367000
37.902 4368000
37.898 4369000
38.898 4370000
37.9 4371000
37.898 4372000
37.898 4373000
37.9 4374000
37.9 4375000
37.899 4376000
37.898 4377000
37.901 4378000
37.902 4379000
37.898 4380000
37.898 4381000
37.897 4382000
37.901 4383000
36.901 4384000
37.898 4385000
38.898 4386000
37.901 4387000
37.901 4388000
37.898 4389000
38.896 4390000
37.901 4391000
37.9 4392000
37.9 4393000
37.898 4394000
37.898 4395000
37.9 4396000
37.899 4397000
37.9 4398000
37.898 4399000
37.899 4400000
37.9 4401000
38.898 4402000
37.902 4403000
37.9 4404000
37.9 4405000
37.9 4406000
37.898 4407000
37.898 4408000
37.899 4409000
37.898 4410000
37.899 4411000
37.899 4412000
37.9 4413000
37.9 4414000
37.901 4415000
37.898 4416000
38.895 4417000
37.9 4418000
38.896 4419000
38.898 4420000
37.9 4421000
37.9 4422000
38.898 4423000
37.9 4424000
38.898 4425000
38.895 4426000
38.896 4427000
37.9 4428000
37.901 4429000
37.901 4430000
38.898 4431000
37.9 4432000
38.898 4433000
37.9 4434000
37.9 4435000
38.897 4436000
37.9 4437000
38.897 4438000
37.9 4439000
38.898 4440000
38.898 4441000
38.898 4442000
38.899 4443000
38.897 4444000
38.898 4445000
38.897 4446000
38.898 4447000
38.899 4448000
38.898 4449000
38.897 4450000
38.897 4451000
38.897 4452000
38.897 4453000
38.897 4454000
38.897 4455000
38.897 4456000
38.897 4457000
38.897 4458000
38.897 4459000
38.898 4460000
38.897 4461000
38.898 4462000
38.895 4463000
38.898 4464000
38.896 4465000
38.896 4466000
37.899 4467000
38.896 4468000
38.896 4469000
38.897 4470000
38.897 4471000
38.898 4472000
38.897 4473000
38.897 4474000
38.897 4475000
38.897 4476000
38.895 4477000
38.93 4478000
38.922 4479000
39.831 4480000
38.895 4481000
39.895 4482000
38.896 4483000
38.898 4484000
37.899 4485000
38.897 4486000
37.898 4487000
38.898 4488000
38.897 4489000
38.897 4490000
38.897 4491000
38.897 4492000
38.897 4493000
38.897 4494000
39.895 4495000
38.898 4496000
39.896 4497000
38.895 4498000
38.895 4499000
38.898 4500000
38.896 4501000
38.898 4502000
38.896 4503000
38.898 4504000
38.896 4505000
38.898 4506000
38.896 4507000
38.899 4508000
38.895 4509000
39.895 4510000
38.895 4511000
38.897 4512000
38.896 4513000
38.895 4514000
38.896 4515000
38.896 4516000
39.893 4517000
38.896 4518000
39.893 4519000
38.896 4520000
39.893 4521000
39.893 4522000
38.896 4523000
39.893 4524000
39.893 4525000
38.896 4526000
45.875 4527000
39.893 4528000
39.895 4529000
39.895 4530000
38.897 4531000
38.897 4532000
39.895 4533000
38.895 4534000
39.894 4535000
38.895 4536000
38.896 4537000
38.898 4538000
38.898 4539000
39.896 4540000
38.894 4541000
38.896 4542000
38.895 4543000
39.893 4544000
39.892 4545000
38.896 4546000
38.895 4547000
38.895 4548000
38.895 4549000
38.895 4550000
38.895 4551000
38.895 4552000
39.892 4553000
39.896 4554000
39.895 4555000
39.896 4556000
38.894 4557000
38.895 4558000
38.895 4559000
39.893 4560000
39.893 4561000
39.893 4562000
39.893 4563000
38.895 4564000
38.896 4565000
38.895 4566000
39.893 4567000
39.892 4568000
39.896 4569000
39.895 4570000
40.892 4571000
39.893 4572000
38.896 4573000
39.895 4574000
39.895 4575000
39.895 4576000
39.895 4577000
38.896 4578000
39.894 4579000
39.893 4580000
39.893 4581000
39.895 4582000
40.893 4583000
40.89 4584000
39.893 4585000
40.891 4586000
39.896 4587000
39.895 4588000
39.893 4589000
39.893 4590000
39.893 4591000
39.895 4592000
39.895 4593000
39.895 4594000
38.896 4595000
39.893 4596000
38.896 4597000
39.893 4598000
39.895 4599000
39.895 4600000
39.893 4601000
39.893 4602000
39.893 4603000
39.893 4604000
39.895 4605000
39.893 4606000
39.895 4607000
39.893 4608000
39.892 4609000
39.953 4610000
39.893 4611000
39.893 4612000
39.894 4613000
39.955 4614000
39.894 4615000
40.889 4616000
39.893 4617000
39.893 4618000
40.89 4619000
40.894 4620000
39.893 4621000
39.95 4622000
39.95 4623000
39.951 4624000
39.95 4625000
39.951 4626000
39.951 4627000
39.953 4628000
39.95 4629000
39.95 4630000
40.948 4631000
41.885 4632000
39.929 4633000
39.952 4634000
39.95 4635000
39.953 4636000
39.893 4637000
39.892 4638000
39.893 4639000
39.892 4640000
39.916 4641000
39.893 4642000
39.95 4643000
40.886 4644000
39.893 4645000
40.892 4646000
40.888 4647000
40.89 4648000
40.892 4649000
39.891 4650000
39.893 4651000
39.893 4652000
39.892 4653000
40.904 4654000
40.891 4655000
39.893 4656000
39.894 4657000
39.954 4658000
40.888 4659000
40.893 4660000
40.888 4661000
40.891 4662000
40.889 4663000
40.893 4664000
39.893 4665000
39.95 4666000
41.883 4667000
40.89 4668000
40.913 4669000
40.89 4670000
40.948 4671000
40.894 4672000
39.893 4673000
40.907 4674000
40.887 4675000
40.892 4676000
39.836 4677000
40.926 4678000
40.915 4679000
39.893 4680000
41.879 4681000
40.953 4682000
39.893 4683000
40.892 4684000
40.889 4685000
39.892 4686000
40.948 4687000
40.892 4688000
40.947 4689000
40.892 4690000
40.948 4691000
41.884 4692000
41.89 4693000
40.891 4694000
40.945 4695000
40.891 4696000
40.89 4697000
40.948 4698000
41.889 4699000
40.831 4700000
40.925 4701000
40.916 4702000
40.832 4703000
40.925 4704000
41.913 4705000
40.891 4706000
40.889 4707000
40.95 4708000
40.892 4709000
40.889 4710000
40.891 4711000
40.897 4712000
40.884 4713000
40.934 4714000
40.887 4715000
40.891 4716000
41.888 4717000
41.831 4718000
41.948 4719000
41.888 4720000
40.891 4721000
40.947 4722000
40.886 4723000
40.889 4724000
40.927 4725000
40.891 4726000
40.915 4727000
41.887 4728000
40.89 4729000
40.898 4730000
40.946 4731000
41.888 4732000
40.89 4733000
40.948 4734000
40.891 4735000
40.893 4736000
40.947 4737000
40.948 4738000
40.889 4739000
40.893 4740000
40.943 4741000
41.942 4742000
41.891 4743000
40.95 4744000
40.908 4745000
40.922 4746000
40.948 4747000
40.941 4748000
40.894 4749000
40.924 4750000
40.888 4751000
40.887 4752000
40.834 4753000
41.919 4754000
41.915 4755000
41.828 4756000
41.945 4757000
42.887 4758000
40.891 4759000
41.887 4760000
41.888 4761000
40.892 4762000
43.884 4763000
41.916 4764000
41.889 4765000
41.889 4766000
40.893 4767000
40.887 4768000
40.949 4769000
41.937 4770000
41.888 4771000
40.893 4772000
40.951 4773000
40.892 4774000
40.892 4775000
40.889 4776000
41.89 4777000
40.891 4778000
41.889 4779000
41.888 4780000
40.892 4781000
41.888 4782000
41.889 4783000
41.888 4784000
41.89 4785000
41.888 4786000
41.89 4787000
41.888 4788000
41.89 4789000
41.887 4790000
41.89 4791000
42.884 4792000
41.889 4793000
41.89 4794000
41.887 4795000
41.889 4796000
41.89 4797000
40.891 4798000
41.89 4799000
41.891 4800000
41.888 4801000
41.89 4802000
41.888 4803000
41.891 4804000
41.887 4805000
41.89 4806000
41.888 4807000
41.89 4808000
40.891 4809000
41.889 4810000
41.888 4811000
41.889 4812000
41.888 4813000
41.89 4814000
41.889 4815000
40.891 4816000
41.889 4817000
41.888 4818000
46.876 4819000
44.88 4820000
42.885 4821000
41.888 4822000
42.885 4823000
42.885 4824000
43.884 4825000
43.882 4826000
43.882 4827000
41.889 4828000
42.884 4829000
42.888 4830000
43.882 4831000
42.885 4832000
41.888 4833000
42.885 4834000
43.908 4835000
42.884 4836000
41.888 4837000
42.885 4838000
42.885 4839000
42.885 4840000
44.882 4841000
43.884 4842000
42.886 4843000
49.867 4844000
42.885 4845000
43.884 4846000
42.885 4847000
42.885 4848000
42.884 4849000
42.884 4850000
42.885 4851000
42.885 4852000
45.879 4853000
42.885 4854000
43.885 4855000
42.885 4856000
42.917 4857000
43.884 4858000
42.888 4859000
42.884 4860000
41.89 4861000
42.887 4862000
42.885 4863000
41.889 4864000
42.887 4865000
41.888 4866000
41.891 4867000
41.89 4868000
41.888 4869000
41.891 4870000
42.89 4871000
42.865 4872000
41.891 4873000
41.887 4874000
41.891 4875000
42.889 4876000
42.885 4877000
41.89 4878000
41.889 4879000
41.888 4880000
41.889 4881000
41.888 4882000
41.889 4883000
42.887 4884000
42.885 4885000
42.885 4886000
41.889 4887000
42.885 4888000
42.887 4889000
42.887 4890000
41.89 4891000
42.885 4892000
42.888 4893000
42.887 4894000
41.891 4895000
42.884 4896000
41.89 4897000
43.885 4898000
42.887 4899000
42.887 4900000
41.888 4901000
42.885 4902000
42.887 4903000
43.884 4904000
42.887 4905000
42.885 4906000
42.887 4907000
42.888 4908000
42.888 4909000
42.884 4910000
42.887 4911000
42.888 4912000
42.887 4913000
42.885 4914000
42.887 4915000
42.888 4916000
42.888 4917000
42.884 4918000
42.887 4919000
42.887 4920000
42.887 4921000
42.887 4922000
42.888 4923000
42.885 4924000
41.888 4925000
42.885 4926000
42.887 4927000
42.885 4928000
42.887 4929000
42.887 4930000
42.887 4931000
42.885 4932000
42.885 4933000
42.887 4934000
42.887 4935000
41.888 4936000
42.885 4937000
42.887 4938000
43.885 4939000
42.887 4940000
42.885 4941000
42.885 4942000
42.887 4943000
42.887 4944000
41.888 4945000
42.886 4946000
43.884 4947000
42.887 4948000
42.887 4949000
42.885 4950000
43.882 4951000
42.887 4952000
42.887 4953000
42.887 4954000
42.885 4955000
42.885 4956000
42.888 4957000
42.887 4958000
42.886 4959000
42.884 4960000
43.885 4961000
42.888 4962000
42.887 4963000
42.886 4964000
42.885 4965000
42.888 4966000
42.887 4967000
42.885 4968000
42.885 4969000
43.884 4970000
42.887 4971000
42.887 4972000
42.888 4973000
43.882 4974000
42.884 4975000
43.882 4976000
42.887 4977000
42.887 4978000
43.886 4979000
43.882 4980000
42.885 4981000
42.887 4982000
42.887 4983000
42.887 4984000
42.885 4985000
42.885 4986000
42.888 4987000
43.884 4988000
43.884 4989000
42.888 4990000
42.884 4991000
42.885 4992000
42.885 4993000
43.885 4994000
44.882 4995000
43.916 4996000
43.943 4997000
43.879 4998000
42.888 4999000
42.943 5000000
