4026 3999 10000
4026 3999 20000
3999 4001 30000
5006 3999 40000
4000 4000 50000
5258 4000 60000
5321 3971 70000
4029 4000 80000
5337 4000 90000
5341 3999 100000
4000 4000 110000
4335 3999 120000
4000 4992 130000
3999 3999 140000
4000 7970 150000
4001 3999 160000
3999 4991 170000
3999 4000 180000
5998 3998 190000
6490 4007 200000
7997 4003 210000
7966 4029 220000
4000 3999 230000
4002 7998 240000
4000 3999 250000
4000 4000 260000
4000 3999 270000
4000 4001 280000
6000 3998 290000
6500 3999 300000
6124 3999 310000
5155 3998 320000
3998 3991 330000
4000 3971 340000
4999 3997 350000
5242 3999 360000
4000 3999 370000
7970 3999 380000
4000 3999 390000
3999 4000 400000
3999 3999 410000
4000 5006 420000
4000 3999 430000
3972 4251 440000
4000 3999 450000
4992 4002 460000
3997 3999 470000
5247 3999 480000
4001 3999 490000
5312 4000 500000
4000 3999 510000
5327 4000 520000
3999 4000 530000
4331 3999 540000
4000 3999 550000
4000 4002 560000
7968 4014 570000
4992 3998 580000
4000 5002 590000
4000 3999 600000
3999 4249 610000
3999 3999 620000
4003 3996 630000
5000 4000 640000
4000 4001 650000
7998 4004 660000
3995 4000 670000
5998 3999 680000
3999 3999 690000
4499 3999 700000
3999 4000 710000
4000 7969 720000
4000 3999 730000
4000 4991 740000
4000 3999 750000
4001 4000 760000
4000 4029 770000
3999 4006 780000
4001 3999 790000
3999 3999 800000
3999 4000 810000
4000 4999 820000
4000 3999 830000
3999 4249 840000
3999 4000 850000
4000 4001 860000
7998 4000 870000
3999 4003 880000
7996 4000 890000
3999 3999 900000
5998 4000 910000
3999 3999 920000
4499 3999 930000
4000 3999 940000
4001 4999 950000
3999 5249 960000
4000 4000 970000
3999 4313 980000
4000 4004 990000
6999 4001 1000000
7746 5003 1010000
7683 5251 1020000
7990 4002 1030000
5918 6312 1040000
4000 6570 1050000
4000 7217 1060000
6010 7970 1070000
5505 7782 1080000
5882 7968 1090000
4000 7974 1100000
6463 7981 1110000
5608 4029 1120000
7970 7998 1130000
4000 5006 1140000
5992 3999 1150000
7998 3999 1160000
4000 4002 1170000
7997 4000 1180000
3999 4000 1190000
7971 7998 1200000
4029 4998 1210000
4003 3995 1220000
5008 4000 1230000
4000 3998 1240000
6252 4000 1250000
6561 4000 1260000
6200 4005 1270000
7994 4007 1280000
3996 5001 1290000
5998 7995 1300000
4001 3999 1310000
4499 4000 1320000
3999 3999 1330000
4000 4999 1340000
3994 4000 1350000
3999 4249 1360000
4000 3999 1370000
4000 3999 1380000
3999 4000 1390000
3999 4000 1400000
4000 5000 1410000
3947 4249 1420000
3999 3999 1430000
4000 4000 1440000
4005 4001 1450000
4027 4004 1460000
3994 4002 1470000
4000 4004 1480000
7997 3999 1490000
6006 3970 1500000
6507 3999 1510000
4028 4000 1520000
5633 3999 1530000
3999 4000 1540000
4406 4003 1550000
3995 4000 1560000
4000 3999 1570000
4998 4000 1580000
3999 3999 1590000
4249 3999 1600000
4000 3999 1610000
4000 4999 1620000
4000 4000 1630000
4000 4249 1640000
4000 3999 1650000
4000 3999 1660000
3997 4000 1670000
3999 3998 1680000
3992 3999 1690000
5004 3995 1700000
3999 3971 1710000
5250 3999 1720000
4002 3999 1730000
7998 4000 1740000
3999 4005 1750000
7995 4000 1760000
4000 3999 1770000
4000 4999 1780000
4000 3999 1790000
4000 4249 1800000
3999 3999 1810000
4000 4000 1820000
4999 4000 1830000
3999 3999 1840000
5250 3998 1850000
4312 4000 1860000
4002 3997 1870000
4000 5000 1880000
3999 3999 1890000
4000 5249 1900000
3995 4000 1910000
4000 5313 1920000
4000 4006 1930000
3992 5330 1940000
4000 4004 1950000
3995 5333 1960000
4000 4001 1970000
3998 5333 1980000
3999 4000 1990000
3999 4333 2000000
3999 4000 2010000
3999 4000 2020000
4999 3999 2030000
3999 4000 2040000
5249 3997 2050000
3999 4000 2060000
5304 4000 2070000
3999 4000 2080000
7970 4029 2090000
3999 5006 2100000
4001 3999 2110000
3999 5250 2120000
4000 3999 2130000
4000 4312 2140000
4000 4003 2150000
3996 3999 2160000
5000 3999 2170000
4005 3995 2180000
5250 4000 2190000
5316 4000 2200000
3999 3987 2210000
4328 3999 2220000
3999 3996 2230000
4000 3999 2240000
4000 3999 2250000
4999 4000 2260000
3999 4000 2270000
5248 4004 2280000
3995 4000 2290000
4310 3999 2300000
4000 4000 2310000
3999 3999 2320000
3972 3999 2330000
3995 4000 2340000
4005 3995 2350000
4004 7995 2360000
3999 4000 2370000
3999 4000 2380000
5000 3998 2390000
4003 3994 2400000
4250 3999 2410000
3999 4000 2420000
3999 3998 2430000
4000 3999 2440000
4003 3997 2450000
4993 3999 2460000
3970 3999 2470000
5248 4000 2480000
3999 3999 2490000
5305 3999 2500000
4005 3995 2510000
7970 4005 2520000
4002 3998 2530000
5986 4028 2540000
4004 3998 2550000
7969 3999 2560000
3999 4000 2570000
4000 4006 2580000
4000 4028 2590000
4992 4000 2600000
3972 3999 2610000
5241 4028 2620000
4001 3999 2630000
5309 4000 2640000
3999 4002 2650000
7997 3999 2660000
4000 4000 2670000
4000 4992 2680000
3999 4000 2690000
4000 7971 2700000
4999 3998 2710000
4000 3999 2720000
4249 4000 2730000
4000 7998 2740000
4000 3999 2750000
5005 7959 2760000
4020 4009 2770000
5256 3998 2780000
3999 4000 2790000
5313 3999 2800000
4001 3999 2810000
5329 4000 2820000
4000 4000 2830000
5331 4000 2840000
7995 3999 2850000
4000 4000 2860000
5991 3999 2870000
3973 3999 2880000
4490 4000 2890000
3999 3999 2900000
4000 4999 2910000
4000 4000 2920000
4028 4249 2930000
3999 4000 2940000
4000 3999 2950000
7971 3999 2960000
4000 3999 2970000
5992 3999 2980000
4000 4028 2990000
4497 4002 3000000
3997 4000 3010000
3999 4999 3020000
4000 3999 3030000
4004 7996 3040000
4000 3999 3050000
3999 4001 3060000
4998 4004 3070000
3995 3999 3080000
4248 4004 3090000
3998 3998 3100000
4002 7997 3110000
3999 3999 3120000
4000 5000 3130000
3998 4000 3140000
4000 4004 3150000
7995 4000 3160000
4000 3999 3170000
5998 4000 3180000
4000 3999 3190000
5499 3999 3200000
4000 3999 3210000
5375 4000 3220000
4000 3999 3230000
4343 3999 3240000
3999 4999 3250000
3999 4000 3260000
3999 4249 3270000
4000 4000 3280000
3999 4000 3290000
4999 3999 3300000
3999 4000 3310000
4250 3999 3320000
4002 7968 3330000
4000 6991 3340000
3999 6737 3350000
4000 7993 3360000
4999 3999 3370000
3998 3971 3380000
5249 4000 3390000
4000 3999 3400000
5312 4000 3410000
4000 3999 3420000
4327 4000 3430000
3999 4028 3440000
3999 5008 3450000
3999 4000 3460000
4000 5252 3470000
3993 4000 3480000
3999 5312 3490000
4000 3999 3500000
4000 5329 3510000
4000 5331 3520000
7994 4000 3530000
3999 4332 3540000
3999 4000 3550000
4007 3998 3560000
7994 4000 3570000
4000 3999 3580000
5998 3999 3590000
4001 4000 3600000
7998 4000 3610000
3999 4000 3620000
5992 4000 3630000
4004 3994 3640000
7970 3999 3650000
4000 3998 3660000
7991 3999 3670000
5996 4001 3680000
4000 4003 3690000
7995 6001 3700000
4000 5501 3710000
3999 4875 3720000
3998 4000 3730000
3999 3999 3740000
3999 3992 3750000
4000 3972 3760000
4027 4000 3770000
5006 4000 3780000
4000 3999 3790000
5251 3999 3800000
4000 4000 3810000
5319 3972 3820000
4321 4001 3830000
3999 4000 3840000
3969 4007 3850000
4000 4029 3860000
4000 3999 3870000
4998 4000 3880000
3999 4004 3890000
7995 4000 3900000
7972 4029 3910000
3998 4007 3920000
3999 4000 3930000
3999 4000 3940000
3999 4000 3950000
3999 4000 3960000
3999 3999 3970000
4000 4000 3980000
4999 3999 3990000
4000 3999 4000000
5241 4000 4010000
3999 4001 4020000
7969 3999 4030000
4000 4000 4040000
3999 4006 4050000
4000 3999 4060000
4992 4029 4070000
4000 4000 4080000
7971 4028 4090000
4992 4000 4100000
4000 4000 4110000
3999 3999 4120000
4001 3998 4130000
3999 4000 4140000
4998 3998 4150000
4000 4004 4160000
7995 4000 4170000
4000 3999 4180000
4999 4000 4190000
4002 7997 4200000
4001 3998 4210000
5018 4000 4220000
4071 3928 4230000
5271 4002 4240000
3997 4000 4250000
5317 3999 4260000
4000 4000 4270000
5330 3997 4280000
4005 3995 4290000
4333 3970 4300000
3999 4000 4310000
4000 4992 4320000
4000 4000 4330000
4029 4247 4340000
3999 3999 4350000
4000 4000 4360000
7969 4000 4370000
4000 4029 4380000
4000 5008 4390000
4000 4004 4400000
3995 4252 4410000
4001 3998 4420000
4001 3999 4430000
5002 3999 4440000
4006 3994 4450000
5252 3995 4460000
4000 3999 4470000
5313 4001 4480000
4003 3994 4490000
5328 4001 4500000
3999 3999 4510000
5333 3999 4520000
4000 3990 4530000
5340 3963 4540000
5335 4000 4550000
4000 4000 4560000
5333 3999 4570000
4000 4000 4580000
5335 4000 4590000
4000 3999 4600000
5331 4000 4610000
3996 4000 4620000
7995 3999 4630000
4000 4000 4640000
5998 3993 4650000
4000 3999 4660000
5499 4000 4670000
3999 4000 4680000
4374 3999 4690000
4000 4000 4700000
3999 3999 4710000
4998 4005 4720000
3994 3999 4730000
5247 4000 4740000
4000 4000 4750000
5310 4000 4760000
4000 4004 4770000
7996 3999 4780000
4001 3998 4790000
4000 7971 4800000
3999 3999 4810000
4999 3977 4820000
4249 4029 4830000
3999 4000 4840000
3999 4007 4850000
4000 4002 4860000
3997 4000 4870000
4998 4003 4880000
3996 4000 4890000
5247 4003 4900000
3998 3998 4910000
5311 4000 4920000
3999 4000 4930000
4327 4000 4940000
3999 4000 4950000
3999 3999 4960000
3999 4000 4970000
3970 3999 4980000
3970 3999 4990000
3999 4000 5000000
